(23074,081632,12),
(23073,307770,9),
(23072,870258,4),
(23071,499312,4),
(23070,879262,9),
(23069,428827,5),
(23068,910101,11),
(23067,290306,1),
(23066,224385,3),
(23065,309692,6),
(23064,261577,0),
(23063,621932,5),
(23062,626929,5),
(23061,471124,9),
(23060,871429,13),
(23059,736072,2),
(23058,192875,12),
(23057,042184,5),
(23056,648887,13),
(23055,786506,7),
(23054,999927,8),
(23053,557743,2),
(23052,173671,7),
(23051,030955,2),
(23050,409873,7),
(23049,879561,9),
(23048,117807,12),
(23047,900510,5),
(23046,382841,12),
(23045,145330,5),
(23044,813538,5),
(23043,145383,9),
(23042,020560,5),
(23041,860045,1),
(23040,821465,3),
(23039,073074,5),
(23038,185835,1),
(23037,195090,6),
(23036,980965,12),
(23035,617123,1),
(23034,724506,13),
(23033,688216,14),
(23032,080414,10),
(23031,450726,10),
(23030,114485,10),
(23029,360807,4),
(23028,512601,13),
(23027,869864,12),
(23026,073322,4),
(23025,785433,9),
(23024,669208,1),
(23023,560085,12),
(23022,799776,11),
(23021,616826,7),
(23020,225495,3),
(23019,174767,2),
(23018,280423,4),
(23017,665729,1),
(23016,527818,10),
(23015,757392,9),
(23014,152416,11),
(23013,582441,13),
(23012,476300,0),
(23011,768959,1),
(23010,339429,5),
(23009,042242,14),
(23008,283278,11),
(23007,252807,7),
(23006,410494,9),
(23005,004262,11),
(23004,125779,7),
(23003,901029,10),
(23002,984304,10),
(23001,350978,12),
(22150,969090,13),
(22149,698224,3),
(22148,729331,9),
(22147,471378,7),
(22146,120141,5),
(22145,716388,6),
(22144,287977,5),
(22143,504686,2),
(22142,303627,12),
(22141,060367,13),
(22140,824804,10),
(22139,133649,3),
(22138,845114,6),
(22137,239490,9),
(22136,522354,12),
(22135,881307,11),
(22134,479672,6),
(22133,147861,4),
(22132,247912,8),
(22131,082651,2),
(22130,780348,4),
(22129,873340,7),
(22128,236971,12),
(22127,894700,13),
(22126,344533,13),
(22125,519405,14),
(22124,384549,0),
(22123,146498,12),
(22122,264749,5),
(22121,628349,11),
(22120,608394,7),
(22119,078816,5),
(22118,810771,12),
(22117,312569,5),
(22116,259791,4),
(22115,823450,13),
(22114,889526,13),
(22113,791673,7),
(22112,892011,11),
(22111,050520,5),
(22110,477108,12),
(22109,948068,14),
(22108,285772,10),
(22107,963147,5),
(22106,580079,3),
(22105,423494,6),
(22104,395016,2),
(22103,202023,12),
(22102,725705,9),
(22101,377690,11),
(22100,074256,6),
(22099,979420,10),
(22098,168544,12),
(22097,510562,11),
(22096,178706,10),
(22095,357016,14),
(22094,416331,14),
(22093,417774,0),
(22092,878375,4),
(22091,179207,9),
(22090,424262,4),
(22089,987731,13),
(22088,696264,6),
(22087,780739,13),
(22086,464963,2),
(22085,567787,0),
(22084,942892,11),
(22083,392541,12),
(22082,952970,8),
(22081,652562,0),
(22080,039980,13),
(22079,930543,6),
(22078,694288,2),
(22077,651030,11),
(22076,178538,5),
(22075,353908,8),
(22074,290311,14),
(22073,838361,13),
(22072,413893,9),
(22071,717262,12),
(22070,168699,5),
(22069,313570,13),
(22068,839168,4),
(22067,310568,13),
(22066,012872,13),
(22065,841447,8),
(22064,638330,7),
(22063,971692,7),
(22062,421030,3),
(22061,656541,13),
(22060,131449,9),
(22059,619143,3),
(22058,441740,14),
(22057,856689,0),
(22056,656350,14),
(22055,319462,13),
(22054,373719,1),
(22053,359204,13),
(22052,739156,11),
(22051,468288,6),
(22050,553424,0),
(22049,490170,5),
(22048,653394,14),
(22047,295163,9),
(22046,450113,8),
(22045,560409,8),
(22044,505699,6),
(22043,656564,2),
(22042,964201,5),
(22041,426519,3),
(22040,295889,0),
(22039,093336,9),
(22038,195577,12),
(22037,935012,3),
(22036,321016,9),
(22035,291658,3),
(22034,043065,9),
(22033,583511,13),
(22032,939821,13),
(22031,718085,7),
(22030,284925,8),
(22029,616135,7),
(22028,112814,5),
(22027,911323,7),
(22026,164817,1),
(22025,660466,3),
(22024,826535,12),
(22023,512372,11),
(22022,410481,12),
(22021,613029,0),
(22020,265950,1),
(22019,880630,6),
(22018,749473,0),
(22017,705498,13),
(22016,646566,9),
(22015,128991,8),
(22014,313825,6),
(22013,576654,8),
(22012,231238,9),
(22011,802929,10),
(22010,115839,0),
(22009,935684,8),
(22008,627658,5),
(22007,621981,7),
(22006,875880,9),
(22005,399854,12),
(22004,906244,11),
(22003,435397,0),
(22002,663688,13),
(22001,345671,14),
(21151,613661,13),
(21150,884638,5),
(21149,780807,9),
(21148,640024,4),
(21147,160279,3),
(21146,013801,11),
(21145,607302,4),
(21144,474839,2),
(21143,806456,10),
(21142,320411,13),
(21141,404700,13),
(21140,982710,7),
(21139,283060,14),
(21138,236669,9),
(21137,564623,11),
(21136,532705,2),
(21135,436233,9),
(21134,281392,8),
(21133,027251,11),
(21132,106120,6),
(21131,124992,6),
(21130,115345,6),
(21129,183117,7),
(21128,764105,9),
(21127,232934,0),
(21126,786198,2),
(21125,065377,11),
(21124,724113,12),
(21123,242007,0),
(21122,688168,3),
(21121,595702,8),
(21120,343781,10),
(21119,562689,14),
(21118,821376,0),
(21117,696179,9),
(21116,770340,7),
(21115,537806,11),
(21114,840187,14),
(21113,054018,5),
(21112,102466,6),
(21111,199905,5),
(21110,719649,7),
(21109,430794,13),
(21108,470087,8),
(21107,393192,0),
(21106,479028,5),
(21105,382813,2),
(21104,018257,9),
(21103,556998,3),
(21102,116476,4),
(21101,815608,10),
(21100,023559,14),
(21099,400378,7),
(21098,107796,5),
(21097,055445,0),
(21096,605593,13),
(21095,465767,6),
(21094,481571,1),
(21093,756739,8),
(21092,997912,14),
(21091,869473,5),
(21090,268704,6),
(21089,385983,10),
(21088,975625,5),
(21087,362988,3),
(21086,119420,0),
(21085,035932,7),
(21084,431667,0),
(21083,988479,13),
(21082,475135,5),
(21081,527303,4),
(21080,722824,7),
(21079,112508,11),
(21078,073318,7),
(21077,128626,11),
(21076,816800,3),
(21075,195427,10),
(21074,207215,12),
(21073,359334,5),
(21072,254875,11),
(21071,763753,11),
(21070,203369,11),
(21069,254953,2),
(21068,884851,14),
(21067,708881,3),
(21066,591044,2),
(21065,874086,10),
(21064,202555,3),
(21063,954829,3),
(21062,861187,2),
(21061,454602,8),
(21060,604584,7),
(21059,896662,14),
(21058,415714,12),
(21057,861152,7),
(21056,381003,11),
(21055,518473,14),
(21054,496649,4),
(21053,143646,11),
(21052,733558,14),
(21051,460039,14),
(21050,319030,2),
(21049,344405,14),
(21048,239621,5),
(21047,401983,13),
(21046,935953,14),
(21045,260028,14),
(21044,044963,5),
(21043,460213,5),
(21042,196397,2),
(21041,728890,14),
(21040,493950,12),
(21039,070284,14),
(21038,158141,11),
(21037,781002,13),
(21036,233951,2),
(21035,136578,4),
(21034,352311,3),
(21033,076237,9),
(21032,452520,0),
(21031,868617,1),
(21030,029263,10),
(21029,554408,6),
(21028,935444,6),
(21027,937632,0),
(21026,399217,4),
(21025,441800,10),
(21024,565172,3),
(21023,939792,14),
(21022,025926,0),
(21021,285485,8),
(21020,994003,14),
(21019,459082,6),
(21018,792780,1),
(21017,522079,11),
(21016,752918,4),
(21015,776548,11),
(21014,771762,11),
(21013,672044,9),
(21012,037011,9),
(21011,565630,4),
(21010,481557,6),
(21009,979088,5),
(21008,507437,14),
(21007,182901,12),
(21006,239254,13),
(21005,095370,0),
(21004,007849,1),
(21003,972381,14),
(21002,707078,8),
(21001,521035,13),
(20133,195902,12),
(20132,552979,6),
(20131,850038,9),
(20130,539806,4),
(20129,783918,5),
(20128,429718,1),
(20127,358582,13),
(20126,971383,13),
(20125,191174,6),
(20124,410952,11),
(20123,771641,4),
(20122,601987,9),
(20121,127984,9),
(20120,504048,14),
(20119,222723,7),
(20118,751168,14),
(20117,790506,5),
(20116,973031,10),
(20115,134885,4),
(20114,887345,0),
(20113,498003,4),
(20112,044494,6),
(20111,339058,14),
(20110,645758,2),
(20109,919418,3),
(20108,332051,6),
(20107,238937,0),
(20106,318908,1),
(20105,417182,4),
(20104,509931,0),
(20103,081653,6),
(20102,953333,9),
(20101,369543,12),
(20100,560021,7),
(20099,238115,0),
(20098,129216,0),
(20097,979309,4),
(20096,435629,7),
(20095,252288,2),
(20094,690855,4),
(20093,693005,0),
(20092,883267,9),
(20091,233393,6),
(20090,251786,1),
(20089,933686,3),
(20088,558985,7),
(20087,139210,8),
(20086,724238,9),
(20085,145959,9),
(20084,484155,2),
(20083,844311,2),
(20082,004415,1),
(20081,179059,5),
(20080,583688,6),
(20079,030964,1),
(20078,531166,2),
(20077,006187,9),
(20076,489087,9),
(20075,970553,5),
(20074,979382,7),
(20073,591045,6),
(20072,019371,4),
(20071,577113,4),
(20070,478628,7),
(20069,311451,5),
(20068,968085,4),
(20067,569281,5),
(20066,843832,8),
(20065,928566,4),
(20064,425446,8),
(20063,587233,0),
(20062,936414,9),
(20061,941571,1),
(20060,421049,7),
(20059,528688,9),
(20058,533801,8),
(20057,832337,1),
(20056,826555,3),
(20055,957204,6),
(20054,528278,6),
(20053,820593,3),
(20052,534893,6),
(20051,103923,3),
(20050,467484,4),
(20049,310385,0),
(20048,157326,6),
(20047,788541,9),
(20046,595024,0),
(20045,548043,2),
(20044,797214,7),
(20043,775708,6),
(20042,322081,3),
(20041,493519,7),
(20040,893825,4),
(20039,372763,7),
(20038,380634,5),
(20037,953527,0),
(20036,527769,6),
(20035,318412,3),
(20034,248939,0),
(20033,748390,5),
(20032,263392,3),
(20031,752532,5),
(20030,228321,1),
(20029,276021,4),
(20028,131784,8),
(20027,894462,7),
(20026,933929,4),
(20025,532115,7),
(20024,815150,7),
(20023,753360,5),
(20022,315067,0),
(20021,703184,1),
(20020,332917,2),
(20019,481420,7),
(20018,618333,9),
(20017,745553,7),
(20016,266131,8),
(20015,586222,0),
(20014,660244,0),
(20013,458510,1),
(20012,736821,4),
(20011,788758,6),
(20010,333141,7),
(20009,674241,4),
(20008,708260,4),
(20007,943184,0),
(20006,090899,8),
(20005,945050,8),
(20004,959137,8),
(20003,422297,5),
(20002,310822,1),
(20001,679451,9),
(19151,171044,3),
(19150,559971,3),
(19149,405165,3),
(19148,789818,2),
(19147,814696,1),
(19146,546492,6),
(19145,169893,3),
(19144,184874,1),
(19143,838305,5),
(19142,143530,7),
(19141,113090,7),
(19140,728050,8),
(19139,215660,6),
(19138,915597,5),
(19137,946228,4),
(19136,557379,5),
(19135,976526,7),
(19134,420343,7),
(19133,559355,3),
(19132,613882,0),
(19131,824138,9),
(19130,079025,6),
(19129,032210,8),
(19128,695594,8),
(19127,848123,9),
(19126,733604,7),
(19125,449972,8),
(19124,951815,6),
(19123,781235,0),
(19122,687099,0),
(19121,339847,9),
(19120,840302,6),
(19119,959221,7),
(19118,378192,7),
(19117,270371,9),
(19116,305880,3),
(19115,468358,6),
(19114,277499,0),
(19113,659984,4),
(19112,141789,2),
(19111,503502,2),
(19110,692892,3),
(19109,439988,2),
(19108,080197,9),
(19107,920203,4),
(19106,873435,6),
(19105,239334,0),
(19104,545607,9),
(19103,063159,6),
(19102,105396,0),
(19101,056325,6),
(19100,078786,9),
(19099,977301,7),
(19098,605380,9),
(19097,616544,5),
(19096,246032,8),
(19095,390836,3),
(19094,408563,5),
(19093,760984,5),
(19092,881117,2),
(19091,385518,7),
(19090,006866,6),
(19089,586321,7),
(19088,629978,9),
(19087,168130,0),
(19086,235329,0),
(19085,719814,1),
(19084,647900,3),
(19083,049591,1),
(19082,067387,4),
(19081,430781,5),
(19080,325581,1),
(19079,985420,5),
(19078,407039,3),
(19077,425103,4),
(19076,259781,1),
(19075,833265,5),
(19074,095620,5),
(19073,224552,9),
(19072,861049,6),
(19071,249848,2),
(19070,424997,2),
(19069,668014,7),
(19068,663380,9),
(19067,088597,4),
(19066,677861,0),
(19065,433622,7),
(19064,171223,3),
(19063,128264,8),
(19062,547412,8),
(19061,298896,7),
(19060,184792,8),
(19059,019702,6),
(19058,589951,8),
(19057,997520,3),
(19056,677644,2),
(19055,580687,7),
(19054,160746,1),
(19053,767932,4),
(19052,850783,8),
(19051,291549,7),
(19050,260208,9),
(19049,258991,6),
(19048,682429,8),
(19047,673278,6),
(19046,295511,2),
(19045,977387,9),
(19044,820630,8),
(19043,814473,7),
(19042,260826,2),
(19041,602585,1),
(19040,481488,2),
(19039,773142,8),
(19038,001799,5),
(19037,211039,8),
(19036,575200,8),
(19035,387361,8),
(19034,302800,0),
(19033,110055,2),
(19032,290252,2),
(19031,174120,3),
(19030,793862,7),
(19029,353460,3),
(19028,245165,1),
(19027,914832,8),
(19026,379055,7),
(19025,346665,0),
(19024,294183,5),
(19023,525535,7),
(19022,448772,6),
(19021,250875,0),
(19020,671149,3),
(19019,479795,3),
(19018,594101,2),
(19017,249355,9),
(19016,020706,0),
(19015,399307,2),
(19014,663084,9),
(19013,317886,2),
(19012,621424,1),
(19011,918753,5),
(19010,282383,9),
(19009,719718,9),
(19008,873954,7),
(19007,284068,9),
(19006,062475,5),
(19005,491527,6),
(19004,446092,2),
(19003,995054,4),
(19002,116447,5),
(19001,659662,9),
(18153,656994,7),
(18152,472762,7),
(18151,714495,9),
(18150,260200,9),
(18149,576620,7),
(18148,233209,4),
(18147,514180,0),
(18146,268995,9),
(18145,729628,8),
(18144,715669,1),
(18143,422166,9),
(18142,500140,7),
(18141,539534,4),
(18140,558091,4),
(18139,733527,8),
(18138,890290,0),
(18137,531097,6),
(18136,247670,0),
(18135,588112,2),
(18134,378481,9),
(18133,968737,1),
(18132,163347,7),
(18131,199151,9),
(18130,011646,6),
(18129,613509,9),
(18128,160325,4),
(18127,103312,1),
(18126,592035,0),
(18125,151651,9),
(18124,832265,8),
(18123,853981,4),
(18122,482312,3),
(18121,943746,6),
(18120,181211,0),
(18119,731495,9),
(18118,948294,7),
(18117,262984,8),
(18116,628469,9),
(18115,005872,6),
(18114,054378,3),
(18113,934541,5),
(18112,839961,4),
(18111,559072,1),
(18110,293904,4),
(18109,375178,5),
(18108,647336,8),
(18107,430362,5),
(18106,835910,8),
(18105,553291,1),
(18104,451630,3),
(18103,178395,5),
(18102,014585,3),
(18101,951686,9),
(18100,786584,0),
(18099,486587,6),
(18098,498621,2),
(18097,775723,3),
(18096,550076,0),
(18095,960163,0),
(18094,125649,7),
(18093,809396,1),
(18092,975259,1),
(18091,076313,3),
(18090,878876,6),
(18089,196186,7),
(18088,487675,3),
(18087,374166,5),
(18086,609803,4),
(18085,609616,0),
(18084,449559,7),
(18083,407261,9),
(18082,110419,2),
(18081,541886,4),
(18080,834404,9),
(18079,117595,1),
(18078,348801,4),
(18077,615304,7),
(18076,311282,9),
(18075,166273,8),
(18074,148609,7),
(18073,396580,0),
(18072,796575,8),
(18071,050636,6),
(18070,665942,9),
(18069,100430,8),
(18068,277644,9),
(18067,754735,6),
(18066,550345,0),
(18065,264130,0),
(18064,961103,4),
(18063,195158,1),
(18062,268347,3),
(18061,004963,7),
(18060,227089,2),
(18059,831467,6),
(18058,916475,9),
(18057,940019,2),
(18056,472305,3),
(18055,906941,8),
(18054,728977,4),
(18053,147254,7),
(18052,377806,8),
(18051,656963,3),
(18050,801225,3),
(18049,745131,7),
(18048,820884,0),
(18047,384083,0),
(18046,022466,3),
(18045,665090,9),
(18044,736862,9),
(18043,075013,9),
(18042,474025,1),
(18041,628995,3),
(18040,654436,2),
(18039,663335,8),
(18038,728393,9),
(18037,682029,8),
(18036,446423,7),
(18035,638260,7),
(18034,373738,5),
(18033,635691,1),
(18032,808438,1),
(18031,370868,1),
(18030,800162,3),
(18029,639841,1),
(18028,981986,7),
(18027,969765,1),
(18026,803113,0),
(18025,968607,5),
(18024,196272,7),
(18023,902415,3),
(18022,413473,0),
(18021,498636,1),
(18020,406561,1),
(18019,464105,6),
(18018,325995,8),
(18017,396097,1),
(18016,693394,7),
(18015,289606,7),
(18014,072716,9),
(18013,238516,7),
(18012,392754,1),
(18011,989210,3),
(18010,511813,6),
(18009,499886,7),
(18008,794847,0),
(18007,104694,4),
(18006,058815,2),
(18005,328506,4),
(18004,259229,7),
(18003,653255,0),
(18002,951641,4),
(18001,798554,9),
(17154,095623,2),
(17153,976218,9),
(17152,640486,6),
(17151,492816,3),
(17150,426504,6),
(17149,941711,6),
(17148,104605,5),
(17147,648430,1),
(17146,397421,3),
(17145,745200,0),
(17144,638055,2),
(17143,476376,6),
(17142,519982,5),
(17141,446050,7),
(17140,069110,7),
(17139,917631,8),
(17138,026865,5),
(17137,372905,4),
(17136,904318,1),
(17135,234696,4),
(17134,183722,6),
(17133,462909,4),
(17132,858266,3),
(17131,659349,7),
(17130,941419,6),
(17129,480703,8),
(17128,011370,2),
(17127,136362,2),
(17126,530455,2),
(17125,444428,3),
(17124,128622,0),
(17123,432623,3),
(17122,150060,2),
(17121,516120,9),
(17120,128387,8),
(17119,266503,6),
(17118,074761,5),
(17117,904556,3),
(17116,922904,7),
(17115,979254,0),
(17114,858811,9),
(17113,474291,6),
(17112,054533,3),
(17111,810430,4),
(17110,018302,8),
(17109,298793,6),
(17108,803200,1),
(17107,417901,1),
(17106,671652,8),
(17105,436578,2),
(17104,133871,4),
(17103,706727,4),
(17102,146755,4),
(17101,976079,5),
(17100,688386,1),
(17099,051372,5),
(17098,337540,6),
(17097,274949,8),
(17096,950366,7),
(17095,685696,7),
(17094,270632,8),
(17093,158781,9),
(17092,128584,4),
(17091,062695,9),
(17090,620540,7),
(17089,321953,5),
(17088,582783,8),
(17087,815518,7),
(17086,417426,6),
(17085,495874,6),
(17084,228560,6),
(17083,236075,0),
(17082,136209,8),
(17081,674508,2),
(17080,438924,4),
(17079,609688,1),
(17078,531190,0),
(17077,242369,9),
(17076,229481,9),
(17075,332350,1),
(17074,637506,2),
(17073,723002,4),
(17072,559167,4),
(17071,342707,1),
(17070,477700,7),
(17069,122596,8),
(17068,363531,8),
(17067,003079,3),
(17066,456078,9),
(17065,660988,7),
(17064,555008,2),
(17063,907869,3),
(17062,496152,5),
(17061,656780,7),
(17060,177634,5),
(17059,982525,5),
(17058,505441,4),
(17057,995104,2),
(17056,181401,4),
(17055,245194,4),
(17054,263980,1),
(17053,666645,8),
(17052,335188,5),
(17051,013649,5),
(17050,253630,8),
(17049,808159,8),
(17048,606772,9),
(17047,390375,4),
(17046,251652,9),
(17045,194005,8),
(17044,968718,9),
(17043,225578,7),
(17042,668468,0),
(17041,556961,9),
(17040,428607,5),
(17039,102152,0),
(17038,451544,6),
(17037,326593,7),
(17036,627402,6),
(17035,352576,8),
(17034,227365,2),
(17033,511832,0),
(17032,310611,4),
(17031,446052,0),
(17030,113789,7),
(17029,396061,2),
(17028,227188,3),
(17027,345804,8),
(17026,203885,2),
(17025,889805,7),
(17024,316866,8),
(17023,320916,9),
(17022,878373,5),
(17021,172929,1),
(17020,618890,0),
(17019,112780,4),
(17018,424562,7),
(17017,932119,0),
(17016,246614,0),
(17015,941166,8),
(17014,382497,0),
(17013,939480,8),
(17012,777685,2),
(17011,060747,4),
(17010,097182,1),
(17009,200910,9),
(17008,100023,4),
(17007,882727,6),
(17006,209090,6),
(17005,384711,6),
(17004,529686,4),
(17003,638748,5),
(17002,487876,1),
(17001,253538,9),
(16154,051449,1),
(16153,138362,5),
(16152,351330,0),
(16151,169249,1),
(16150,108951,1),
(16149,006175,5),
(16148,872560,3),
(16147,475287,7),
(16146,058200,2),
(16145,731302,1),
(16144,054718,6),
(16143,617195,2),
(16142,707280,1),
(16141,129519,1),
(16140,872529,8),
(16139,463346,9),
(16138,687033,7),
(16137,769404,3),
(16136,250208,7),
(16135,040726,0),
(16134,340186,1),
(16133,741337,5),
(16132,527089,4),
(16131,730437,5),
(16130,262013,3),
(16129,918120,9),
(16128,865331,4),
(16127,161938,1),
(16126,508523,6),
(16125,398029,1),
(16124,967376,3),
(16123,652197,7),
(16122,594105,3),
(16121,492631,9),
(16120,404441,6),
(16119,625126,0),
(16118,011161,3),
(16117,979882,8),
(16116,289786,1),
(16115,112733,3),
(16114,517127,8),
(16113,368143,1),
(16112,913477,9),
(16111,737912,8),
(16110,953827,1),
(16109,172969,0),
(16108,152290,0),
(16107,058264,1),
(16106,051476,0),
(16105,401509,8),
(16104,861785,3),
(16103,708637,1),
(16102,315106,3),
(16101,737004,3),
(16100,580944,5),
(16099,739970,8),
(16098,527423,1),
(16097,415253,7),
(16096,562076,1),
(16095,686332,0),
(16094,852913,5),
(16093,597982,1),
(16092,614432,5),
(16091,238493,1),
(16090,025112,1),
(16089,982283,1),
(16088,496287,4),
(16087,838864,7),
(16086,882751,2),
(16085,041170,7),
(16084,566604,3),
(16083,419200,0),
(16082,266348,1),
(16081,423245,1),
(16080,202850,4),
(16079,318791,2),
(16078,335537,1),
(16077,188601,1),
(16076,615974,0),
(16075,677613,9),
(16074,883025,8),
(16073,046732,5),
(16072,917960,0),
(16071,660920,3),
(16070,842753,5),
(16069,343845,0),
(16068,070027,8),
(16067,112309,5),
(16066,656061,2),
(16065,374548,1),
(16064,830789,0),
(16063,086101,5),
(16062,420281,5),
(16061,129299,0),
(16060,825331,3),
(16059,134617,4),
(16058,695688,1),
(16057,868670,9),
(16056,151099,6),
(16055,046808,0),
(16054,624081,3),
(16053,016369,6),
(16052,228744,9),
(16051,028624,6),
(16050,460923,6),
(16049,256007,2),
(16048,789986,4),
(16047,298884,1),
(16046,996286,5),
(16045,281057,6),
(16044,539997,1),
(16043,390750,2),
(16042,640114,1),
(16041,626233,3),
(16040,608461,5),
(16039,911913,9),
(16038,281711,1),
(16037,949430,4),
(16036,661867,0),
(16035,848792,8),
(16034,510052,4),
(16033,679168,0),
(16032,056343,5),
(16031,503023,3),
(16030,441172,1),
(16029,157916,2),
(16028,793602,5),
(16027,682598,2),
(16026,936118,6),
(16025,888238,9),
(16024,874555,6),
(16023,746264,3),
(16022,430119,7),
(16021,128851,3),
(16020,558263,7),
(16019,498427,9),
(16018,798127,3),
(16017,413666,4),
(16016,667236,1),
(16015,381331,8),
(16014,446019,9),
(16013,831504,7),
(16012,663660,6),
(16011,238316,2),
(16010,868722,9),
(16009,933957,2),
(16008,681183,8),
(16007,994083,5),
(16006,615752,3),
(16005,596618,3),
(16004,848106,0),
(16003,542174,4),
(16002,026253,0),
(16001,893080,9),
(15153,797201,3),
(15152,339207,5),
(15151,438791,9),
(15150,904336,6),
(15149,501407,1),
(15148,737988,9),
(15147,494398,9),
(15146,208219,0),
(15145,254449,6),
(15144,468414,3),
(15143,982828,6),
(15142,294245,8),
(15141,348571,0),
(15140,358555,4),
(15139,076702,7),
(15138,568417,7),
(15137,379470,6),
(15136,973346,9),
(15135,336230,3),
(15134,397027,8),
(15133,812517,7),
(15132,346250,2),
(15131,722444,7),
(15130,809993,1),
(15129,671728,9),
(15128,142567,7),
(15127,534149,8),
(15126,283902,7),
(15125,548556,8),
(15124,775989,0),
(15123,485711,9),
(15122,863249,9),
(15121,964087,0),
(15120,625984,6),
(15119,616658,3),
(15118,540381,4),
(15117,143962,5),
(15116,410848,5),
(15115,938506,5),
(15114,462233,6),
(15113,252792,7),
(15112,521770,9),
(15111,874639,6),
(15110,332449,8),
(15109,496042,0),
(15108,655674,8),
(15107,529347,6),
(15106,108438,2),
(15105,493083,4),
(15104,711505,8),
(15103,236176,2),
(15102,152777,3),
(15101,946586,1),
(15100,132526,1),
(15099,238478,6),
(15098,777239,6),
(15097,418589,3),
(15096,390225,2),
(15095,066906,1),
(15094,663824,3),
(15093,600596,8),
(15092,078036,6),
(15091,612186,5),
(15090,087180,9),
(15089,962760,8),
(15088,391265,0),
(15087,433019,4),
(15086,813516,3),
(15085,066728,3),
(15084,386383,6),
(15083,826439,4),
(15082,857555,4),
(15081,716810,7),
(15080,105781,1),
(15079,986226,6),
(15078,583804,5),
(15077,198158,0),
(15076,040801,6),
(15075,234771,5),
(15074,557686,6),
(15073,513540,0),
(15072,000039,7),
(15071,429553,9),
(15070,318656,0),
(15069,427033,9),
(15068,798720,7),
(15067,591911,8),
(15066,522705,5),
(15065,441102,5),
(15064,810225,4),
(15063,452849,8),
(15062,672531,2),
(15061,567849,2),
(15060,031543,5),
(15059,990397,4),
(15058,876503,3),
(15057,923869,0),
(15056,692892,3),
(15055,520589,1),
(15054,734526,9),
(15053,831041,4),
(15052,903822,5),
(15051,733811,8),
(15050,284637,1),
(15049,025213,6),
(15048,645177,8),
(15047,724297,6),
(15046,845672,8),
(15045,966555,7),
(15044,028430,4),
(15043,979609,1),
(15042,057847,7),
(15041,474207,8),
(15040,706596,4),
(15039,599636,4),
(15038,647317,6),
(15037,951631,5),
(15036,062325,2),
(15035,050665,1),
(15034,756448,7),
(15033,902167,8),
(15032,498415,5),
(15031,578371,7),
(15030,957178,2),
(15029,049456,7),
(15028,147605,1),
(15027,681146,0),
(15026,805050,4),
(15025,256846,4),
(15024,646771,2),
(15023,372604,3),
(15022,161955,7),
(15021,465439,7),
(15020,613999,7),
(15019,929099,4),
(15018,645343,4),
(15017,427858,2),
(15016,599099,7),
(15015,988925,3),
(15014,321694,1),
(15013,736821,9),
(15012,034740,8),
(15011,459599,9),
(15010,157925,7),
(15009,299202,1),
(15008,790640,8),
(15007,381808,3),
(15006,485748,2),
(15005,154855,5),
(15004,719138,1),
(15003,682300,7),
(15002,615703,0),
(15001,984402,4),
(14153,945352,3),
(14152,569304,9),
(14151,195755,4),
(14150,586833,5),
(14149,379715,8),
(14148,495949,3),
(14147,240541,2),
(14146,112330,2),
(14145,973704,5),
(14144,858881,2),
(14143,580095,6),
(14142,921923,8),
(14141,188135,1),
(14140,792856,7),
(14139,442116,5),
(14138,325372,9),
(14137,828302,0),
(14136,729077,2),
(14135,660053,4),
(14134,860121,5),
(14133,575790,2),
(14132,672636,7),
(14131,600637,2),
(14130,385641,8),
(14129,667556,3),
(14128,120798,0),
(14127,197241,6),
(14126,954165,4),
(14125,561645,9),
(14124,089189,2),
(14123,317003,6),
(14122,677257,6),
(14121,667424,5),
(14120,256688,2),
(14119,918319,5),
(14118,188859,7),
(14117,622643,4),
(14116,175203,3),
(14115,864342,8),
(14114,544486,0),
(14113,820902,1),
(14112,927481,7),
(14111,604832,4),
(14110,705021,6),
(14109,369602,9),
(14108,163704,1),
(14107,421665,1),
(14106,222773,7),
(14105,876658,9),
(14104,735019,6),
(14103,293758,7),
(14102,979639,7),
(14101,178912,1),
(14100,255440,7),
(14099,311796,1),
(14098,869035,5),
(14097,091712,6),
(14096,871610,3),
(14095,665889,6),
(14094,283995,3),
(14093,687141,6),
(14092,611607,7),
(14091,004582,2),
(14090,487635,7),
(14089,139958,2),
(14088,534057,8),
(14087,118910,1),
(14086,468490,9),
(14085,914774,3),
(14084,658677,3),
(14083,265985,5),
(14082,725137,7),
(14081,244893,1),
(14080,632259,2),
(14079,601811,3),
(14078,175339,1),
(14077,516488,8),
(14076,295247,4),
(14075,550502,8),
(14074,959777,9),
(14073,027807,7),
(14072,875692,2),
(14071,061792,1),
(14070,495046,3),
(14069,982500,6),
(14068,902592,2),
(14067,046932,2),
(14066,957934,8),
(14065,903821,4),
(14064,635191,2),
(14063,588623,4),
(14062,134234,0),
(14061,991172,4),
(14060,159521,7),
(14059,510713,8),
(14058,712867,4),
(14057,965444,2),
(14056,591141,6),
(14055,588031,7),
(14054,085470,2),
(14053,288768,8),
(14052,310323,6),
(14051,988850,0),
(14050,090794,1),
(14049,631508,9),
(14048,461928,8),
(14047,452519,2),
(14046,978677,7),
(14045,902915,3),
(14044,010363,8),
(14043,790062,4),
(14042,682884,3),
(14041,990250,3),
(14040,589764,3),
(14039,373460,6),
(14038,081381,2),
(14037,126420,7),
(14036,938352,6),
(14035,374548,2),
(14034,456384,0),
(14033,306381,1),
(14032,473805,0),
(14031,488291,8),
(14030,382101,7),
(14029,406636,0),
(14028,807940,1),
(14027,506548,6),
(14026,886908,8),
(14025,663642,8),
(14024,721320,8),
(14023,556135,7),
(14022,339342,6),
(14021,208973,8),
(14020,807542,5),
(14019,136014,5),
(14018,976301,4),
(14017,818619,6),
(14016,687888,3),
(14015,158363,1),
(14014,950677,6),
(14013,238356,3),
(14012,775351,0),
(14011,606026,5),
(14010,542121,2),
(14009,791209,6),
(14008,195742,5),
(14007,994576,2),
(14006,171205,6),
(14005,425926,4),
(14004,694219,5),
(14003,495617,5),
(14002,746889,4),
(14001,858453,1),
(13154,522938,0),
(13153,142073,1),
(13152,981016,8),
(13151,138547,5),
(13150,838662,6),
(13149,462042,4),
(13148,358886,6),
(13147,933261,7),
(13146,211299,8),
(13145,543188,5),
(13144,200604,9),
(13143,510780,7),
(13142,813725,2),
(13141,820746,7),
(13140,433947,5),
(13139,223853,2),
(13138,914843,0),
(13137,405783,1),
(13136,235689,5),
(13135,848401,9),
(13134,617318,5),
(13133,551238,9),
(13132,583829,0),
(13131,881699,6),
(13130,933483,4),
(13129,392655,8),
(13128,033734,5),
(13127,392015,9),
(13126,576714,9),
(13125,212307,1),
(13124,999516,9),
(13123,916225,1),
(13122,809742,3),
(13121,651463,5),
(13120,628792,5),
(13119,512364,1),
(13118,755227,2),
(13117,701890,6),
(13116,886486,8),
(13115,754741,2),
(13114,073714,8),
(13113,414565,1),
(13112,630731,8),
(13111,859573,3),
(13110,409825,2),
(13109,287657,8),
(13108,195962,4),
(13107,918565,4),
(13106,821681,7),
(13105,637486,2),
(13104,143886,4),
(13103,356440,7),
(13102,620071,4),
(13101,591350,2),
(13100,984162,0),
(13099,059677,6),
(13098,172840,1),
(13097,478478,7),
(13096,262526,0),
(13095,429428,0),
(13094,220986,1),
(13093,894826,2),
(13092,574804,5),
(13091,374619,2),
(13090,323710,1),
(13089,776132,2),
(13088,932984,0),
(13087,302239,6),
(13086,197098,3),
(13085,466143,1),
(13084,193523,3),
(13083,774685,5),
(13082,608014,8),
(13081,460555,5),
(13080,281426,8),
(13079,178926,5),
(13078,716524,8),
(13077,791554,4),
(13076,520950,1),
(13075,956843,3),
(13074,204028,8),
(13073,886607,8),
(13072,208863,5),
(13071,459477,1),
(13070,952039,3),
(13069,361100,8),
(13068,545289,3),
(13067,054377,0),
(13066,026688,1),
(13065,584144,6),
(13064,729870,6),
(13063,069341,5),
(13062,742291,2),
(13061,789138,3),
(13060,002400,6),
(13059,769728,5),
(13058,764522,5),
(13057,705744,2),
(13056,291963,5),
(13055,353968,9),
(13054,358900,7),
(13053,155818,9),
(13052,108247,0),
(13051,989020,4),
(13050,925408,1),
(13049,113393,6),
(13048,364594,1),
(13047,897264,7),
(13046,522459,6),
(13045,870039,3),
(13044,141414,8),
(13043,546113,6),
(13042,989153,9),
(13041,731944,8),
(13040,811934,9),
(13039,748729,5),
(13038,994455,8),
(13037,989719,8),
(13036,873010,1),
(13035,271303,7),
(13034,668845,9),
(13033,510209,3),
(13032,694742,3),
(13031,274937,5),
(13030,477721,6),
(13029,924588,8),
(13028,966864,6),
(13027,138087,1),
(13026,004277,5),
(13025,970899,6),
(13024,892636,1),
(13023,410774,9),
(13022,805379,2),
(13021,411038,8),
(13020,535394,6),
(13019,995772,4),
(13018,928157,1),
(13017,792949,3),
(13016,206592,8),
(13015,336676,4),
(13014,934154,5),
(13013,658113,0),
(13012,105346,2),
(13011,840550,7),
(13010,867277,1),
(13009,316035,9),
(13008,448803,7),
(13007,661521,5),
(13006,183827,4),
(13005,253457,7),
(13004,744051,8),
(13003,800712,6),
(13002,017553,4),
(13001,351193,3),
(12154,971234,2),
(12153,474100,5),
(12152,157836,6),
(12151,481833,8),
(12150,924020,6),
(12149,095533,8),
(12148,067721,5),
(12147,494900,7),
(12146,911727,3),
(12145,914067,8),
(12144,039060,1),
(12143,499125,7),
(12142,098322,2),
(12141,178590,7),
(12140,251815,0),
(12139,636200,5),
(12138,900815,2),
(12137,546078,7),
(12136,492786,2),
(12135,863535,4),
(12134,428293,0),
(12133,174618,0),
(12132,144034,8),
(12131,601215,1),
(12130,966925,7),
(12129,621805,9),
(12128,448468,2),
(12127,802845,2),
(12126,178498,3),
(12125,284835,9),
(12124,396144,8),
(12123,096144,1),
(12122,022871,0),
(12121,018753,5),
(12120,269238,5),
(12119,939954,0),
(12118,269569,2),
(12117,426372,8),
(12116,836121,2),
(12115,970139,1),
(12114,100461,4),
(12113,212603,5),
(12112,837953,7),
(12111,584799,0),
(12110,623955,3),
(12109,516395,5),
(12108,611805,3),
(12107,118147,0),
(12106,853223,0),
(12105,485560,5),
(12104,570039,5),
(12103,299933,5),
(12102,876635,8),
(12101,346211,5),
(12100,705292,4),
(12099,710052,5),
(12098,548859,6),
(12097,271504,9),
(12096,362625,7),
(12095,630475,3),
(12094,067486,3),
(12093,626189,1),
(12092,497364,7),
(12091,244293,6),
(12090,762116,1),
(12089,157114,9),
(12088,846380,2),
(12087,930249,1),
(12086,920793,8),
(12085,469216,0),
(12084,313099,2),
(12083,214829,5),
(12082,527916,3),
(12081,238871,0),
(12080,112743,4),
(12079,359464,8),
(12078,692039,2),
(12077,741902,9),
(12076,549229,3),
(12075,734938,3),
(12074,530727,5),
(12073,157695,0),
(12072,511978,0),
(12071,066868,8),
(12070,889809,4),
(12069,772518,5),
(12068,587721,0),
(12067,488655,8),
(12066,152502,3),
(12065,423758,0),
(12064,693556,5),
(12063,703753,1),
(12062,920420,5),
(12061,716869,8),
(12060,304447,0),
(12059,041108,8),
(12058,782076,9),
(12057,988721,2),
(12056,017953,7),
(12055,775134,4),
(12054,207225,5),
(12053,966150,0),
(12052,512035,4),
(12051,881679,9),
(12050,977100,6),
(12049,685631,6),
(12048,395427,1),
(12047,874683,4),
(12046,482682,7),
(12045,588271,3),
(12044,437738,7),
(12043,021739,9),
(12042,071426,2),
(12041,045660,8),
(12040,522119,3),
(12039,446590,3),
(12038,600149,9),
(12037,774776,1),
(12036,093228,1),
(12035,102236,4),
(12034,313274,1),
(12033,077382,7),
(12032,076771,2),
(12031,163847,0),
(12030,212043,3),
(12029,576011,9),
(12028,548972,4),
(12027,126388,9),
(12026,805981,5),
(12025,559290,0),
(12024,521538,5),
(12023,938906,5),
(12022,964329,8),
(12021,105232,3),
(12020,736157,4),
(12019,812813,9),
(12018,833651,3),
(12017,235045,8),
(12016,525714,5),
(12015,547573,2),
(12014,346516,0),
(12013,101106,7),
(12012,118184,0),
(12011,256276,1),
(12010,006454,0),
(12009,780790,9),
(12008,906773,8),
(12007,825090,4),
(12006,807949,5),
(12005,685707,6),
(12004,443361,2),
(12003,052731,4),
(12002,697358,3),
(12001,506099,8),
(11153,409250,2),
(11152,931967,4),
(11151,415836,1),
(11150,152589,2),
(11149,707752,1),
(11148,554420,7),
(11147,005432,2),
(11146,693940,2),
(11145,267570,6),
(11144,483190,5),
(11143,363564,4),
(11142,657265,3),
(11141,129205,9),
(11140,195872,5),
(11139,663624,4),
(11138,742708,8),
(11137,901298,7),
(11136,426028,2),
(11135,215261,3),
(11134,796035,3),
(11133,725215,6),
(11132,966336,3),
(11131,020497,2),
(11130,641778,6),
(11129,682598,9),
(11128,068500,8),
(11127,407037,7),
(11126,918386,1),
(11125,152216,6),
(11124,823494,3),
(11123,985132,4),
(11122,215606,0),
(11121,921547,1),
(11120,432832,7),
(11119,591054,7),
(11118,743069,4),
(11117,117482,7),
(11116,002517,9),
(11115,213153,5),
(11114,597154,5),
(11113,622787,8),
(11112,541392,5),
(11111,661570,1),
(11110,874159,1),
(11109,020983,7),
(11108,426172,6),
(11107,454339,8),
(11106,533669,6),
(11105,572717,2),
(11104,114913,2),
(11103,284929,6),
(11102,435411,0),
(11101,601295,6),
(11100,976771,1),
(11099,110747,5),
(11098,009560,3),
(11097,152658,7),
(11096,899838,2),
(11095,442059,1),
(11094,896079,5),
(11093,959245,3),
(11092,416425,7),
(11091,731486,9),
(11090,390136,1),
(11089,458006,7),
(11088,018368,9),
(11087,325711,4),
(11086,015187,3),
(11085,595754,0),
(11084,354827,8),
(11083,360749,0),
(11082,140290,7),
(11081,237374,6),
(11080,257955,0),
(11079,382971,5),
(11078,586562,5),
(11077,469423,7),
(11076,352704,1),
(11075,719131,2),
(11074,081905,6),
(11073,971084,5),
(11072,371414,6),
(11071,623854,4),
(11070,400302,0),
(11069,924795,2),
(11068,252571,5),
(11067,737308,8),
(11066,813518,1),
(11065,000992,1),
(11064,734834,4),
(11063,774158,1),
(11062,343628,4),
(11061,084227,4),
(11060,845482,0),
(11059,442057,2),
(11058,435901,2),
(11057,518851,6),
(11056,945650,5),
(11055,758081,2),
(11054,940934,3),
(11053,624469,2),
(11052,770853,3),
(11051,327740,1),
(11050,219356,0),
(11049,145818,9),
(11048,005768,9),
(11047,791229,5),
(11046,116384,7),
(11045,088939,9),
(11044,663584,6),
(11043,668972,0),
(11042,476136,2),
(11041,666936,6),
(11040,388875,7),
(11039,962773,1),
(11038,012474,5),
(11037,855694,6),
(11036,368462,7),
(11035,274877,2),
(11034,649896,2),
(11033,205253,6),
(11032,208163,2),
(11031,764173,5),
(11030,445293,3),
(11029,164000,2),
(11028,523582,5),
(11027,862323,7),
(11026,205836,5),
(11025,892775,3),
(11024,937737,0),
(11023,740359,1),
(11022,753200,6),
(11021,607207,0),
(11020,725026,1),
(11019,608899,4),
(11018,662257,7),
(11017,725926,3),
(11016,535979,3),
(11015,501211,3),
(11014,344028,8),
(11013,598842,2),
(11012,474450,0),
(11011,006636,6),
(11010,136337,8),
(11009,110753,0),
(11008,836667,0),
(11007,349855,3),
(11006,165095,7),
(11005,296964,5),
(11004,360416,6),
(11003,909809,3),
(11002,015065,0),
(11001,984585,4),
(10154,525297,4),
(10153,586936,7),
(10152,684201,5),
(10151,529576,7),
(10150,767421,3),
(10149,925748,5),
(10148,186505,5),
(10147,211087,3),
(10146,116820,1),
(10145,530329,7),
(10144,078420,5),
(10143,057868,4),
(10142,194374,6),
(10141,185858,3),
(10140,266330,9),
(10139,098726,5),
(10138,962768,8),
(10137,777707,7),
(10136,133473,1),
(10135,190084,1),
(10134,679943,6),
(10133,989446,8),
(10132,765833,8),
(10131,276021,2),
(10130,667452,1),
(10129,314899,8),
(10128,974061,1),
(10127,648257,4),
(10126,396602,4),
(10125,582214,6),
(10124,997703,0),
(10123,386969,7),
(10122,027783,4),
(10121,413073,5),
(10120,219675,2),
(10119,515265,7),
(10118,365380,4),
(10117,453919,7),
(10116,937043,0),
(10115,208739,3),
(10114,966355,4),
(10113,573769,9),
(10112,184495,2),
(10111,704607,7),
(10110,544240,4),
(10109,532077,0),
(10108,646549,0),
(10107,259444,8),
(10106,938219,4),
(10105,776099,9),
(10104,553197,9),
(10103,072960,3),
(10102,754066,2),
(10101,375918,8),
(10100,556674,0),
(10099,277792,8),
(10098,566757,9),
(10097,349067,1),
(10096,506886,4),
(10095,838785,8),
(10094,556461,3),
(10093,461636,3),
(10092,119910,2),
(10091,672600,2),
(10090,561846,6),
(10089,918863,1),
(10088,443472,5),
(10087,065588,1),
(10086,545787,4),
(10085,791407,0),
(10084,801653,2),
(10083,604033,0),
(10082,572631,6),
(10081,017623,1),
(10080,111157,1),
(10079,392425,6),
(10078,178118,9),
(10077,334438,0),
(10076,803229,3),
(10075,862233,0),
(10074,382342,7),
(10073,652173,4),
(10072,316538,1),
(10071,484160,5),
(10070,958411,5),
(10069,151410,9),
(10068,907719,5),
(10067,801742,2),
(10066,899093,6),
(10065,550989,3),
(10064,007522,0),
(10063,588540,6),
(10062,492260,7),
(10061,654072,4),
(10060,065318,9),
(10059,841573,6),
(10058,808671,9),
(10057,157414,3),
(10056,819539,4),
(10055,346122,9),
(10054,403651,6),
(10053,950725,3),
(10052,803922,2),
(10051,754789,5),
(10050,638782,3),
(10049,546483,7),
(10048,677464,6),
(10047,031665,5),
(10046,413124,0),
(10045,872001,3),
(10044,142566,6),
(10043,682266,5),
(10042,832194,9),
(10041,667730,6),
(10040,859410,4),
(10039,310878,0),
(10038,871812,7),
(10037,496734,7),
(10036,379374,4),
(10035,989576,9),
(10034,338140,3),
(10033,915502,0),
(10032,928772,7),
(10031,485092,8),
(10030,769589,0),
(10029,766838,3),
(10028,517069,9),
(10027,094723,8),
(10026,658810,6),
(10025,444206,5),
(10024,966795,8),
(10023,448374,3),
(10022,980579,4),
(10021,954224,4),
(10020,960808,8),
(10019,777926,9),
(10018,006262,5),
(10017,913226,8),
(10016,666951,7),
(10015,252213,9),
(10014,250910,6),
(10013,955772,0),
(10012,516133,5),
(10011,887219,5),
(10010,330568,8),
(10009,614970,2),
(10008,528539,1),
(10007,705834,7),
(10006,164399,0),
(10005,350115,8),
(10004,406091,0),
(10003,145678,0),
(10002,398550,4),
(10001,290144,4),
(09153,435236,5),
(09152,008440,2),
(09151,625164,2),
(09150,284556,2),
(09149,144455,1),
(09148,237262,6),
(09147,302998,1),
(09146,078049,0),
(09145,960311,8),
(09144,879718,6),
(09143,404737,0),
(09142,275049,7),
(09141,088969,7),
(09140,373814,3),
(09139,836399,0),
(09138,655784,4),
(09137,511280,2),
(09136,116005,9),
(09135,984689,0),
(09134,744876,8),
(09133,544274,7),
(09132,925525,9),
(09131,585017,8),
(09130,275268,3),
(09129,507446,1),
(09128,244101,7),
(09127,721158,8),
(09126,391534,1),
(09125,809142,2),
(09124,987293,4),
(09123,871968,0),
(09122,653057,6),
(09121,554757,1),
(09120,356327,9),
(09119,688095,9),
(09118,210294,7),
(09117,243324,3),
(09116,533196,0),
(09115,086336,5),
(09114,597968,4),
(09113,801984,1),
(09112,283243,2),
(09111,079427,3),
(09110,478432,0),
(09109,431406,4),
(09108,840987,8),
(09107,704272,1),
(09106,468638,9),
(09105,904379,6),
(09104,845849,4),
(09103,964995,3),
(09102,713152,0),
(09101,212559,2),
(09100,722940,1),
(09099,770006,3),
(09098,167256,7),
(09097,148398,6),
(09096,641228,5),
(09095,331397,2),
(09094,722056,0),
(09093,466270,3),
(09092,860349,5),
(09091,082465,5),
(09090,767517,2),
(09089,094252,1),
(09088,036196,3),
(09087,367122,6),
(09086,931027,3),
(09085,479877,0),
(09084,545166,6),
(09083,414584,5),
(09082,944591,3),
(09081,549635,8),
(09080,451008,0),
(09079,394065,9),
(09078,893300,8),
(09077,565514,7),
(09076,237310,0),
(09075,390653,5),
(09074,690782,4),
(09073,099886,0),
(09072,766994,4),
(09071,269730,4),
(09070,797258,8),
(09069,762154,3),
(09068,412011,0),
(09067,786944,5),
(09066,462792,1),
(09065,667711,1),
(09064,573645,1),
(09063,681366,5),
(09062,281492,8),
(09061,336755,2),
(09060,472785,1),
(09059,215325,0),
(09058,936124,8),
(09057,869906,3),
(09056,185659,7),
(09055,916891,2),
(09054,672531,2),
(09053,218940,0),
(09052,172453,3),
(09051,531004,9),
(09050,228202,8),
(09049,435065,0),
(09048,812355,8),
(09047,351158,7),
(09046,370144,5),
(09045,874013,1),
(09044,885049,7),
(09043,387249,7),
(09042,397050,6),
(09041,173826,6),
(09040,102757,5),
(09039,419422,9),
(09038,968192,6),
(09037,689476,3),
(09036,518690,6),
(09035,357485,6),
(09034,417506,9),
(09033,732431,2),
(09032,555993,3),
(09031,362997,3),
(09030,662894,4),
(09029,232698,3),
(09028,033819,7),
(09027,948775,1),
(09026,390288,8),
(09025,511389,0),
(09024,982499,6),
(09023,219613,2),
(09022,337719,7),
(09021,740169,1),
(09020,222887,6),
(09019,119053,6),
(09018,226321,3),
(09017,462234,4),
(09016,167822,6),
(09015,666728,8),
(09014,729598,6),
(09013,637395,5),
(09012,276629,0),
(09011,414988,9),
(09010,032528,1),
(09009,893938,2),
(09008,866134,6),
(09007,064879,1),
(09006,361253,7),
(09005,686177,7),
(09004,322181,5),
(09003,421591,0),
(09002,488574,0),
(09001,291037,4),
(08154,252480,7),
(08153,821046,3),
(08152,639456,5),
(08151,566634,1),
(08150,967076,1),
(08149,426011,3),
(08148,316331,4),
(08147,417560,5),
(08146,120719,0),
(08145,433563,4),
(08144,204882,5),
(08143,638119,2),
(08142,439737,2),
(08141,915257,5),
(08140,935101,8),
(08139,976637,3),
(08138,731584,6),
(08137,403896,1),
(08136,140195,2),
(08135,850819,3),
(08134,354079,7),
(08133,918659,8),
(08132,249827,5),
(08131,715763,7),
(08130,288970,3),
(08129,200686,7),
(08128,572420,8),
(08127,904001,0),
(08126,224493,3),
(08125,923941,8),
(08124,273702,4),
(08123,826094,0),
(08122,499700,7),
(08121,661841,7),
(08120,116505,5),
(08119,223641,1),
(08118,654496,8),
(08117,832385,4),
(08116,754937,7),
(08115,897154,9),
(08114,991875,5),
(08113,781488,7),
(08112,833560,9),
(08111,715977,9),
(08110,293317,8),
(08109,315994,5),
(08108,139788,7),
(08107,573324,9),
(08106,172797,4),
(08105,351225,4),
(08104,198100,0),
(08103,314510,5),
(08102,133353,7),
(08101,083402,5),
(08100,233197,4),
(08099,505561,6),
(08098,890289,2),
(08097,775924,8),
(08096,299496,7),
(08095,280228,8),
(08094,660434,4),
(08093,290690,1),
(08092,969510,5),
(08091,369702,5),
(08090,765916,8),
(08089,347922,7),
(08088,813198,5),
(08087,168256,9),
(08086,446213,1),
(08085,991741,4),
(08084,489689,5),
(08083,521457,7),
(08082,713282,4),
(08081,457011,5),
(08080,947922,5),
(08079,726358,7),
(08078,426900,6),
(08077,398369,8),
(08076,796584,9),
(08075,546257,7),
(08074,946552,2),
(08073,752338,4),
(08072,711174,1),
(08071,002498,0),
(08070,206003,5),
(08069,423869,1),
(08068,014389,6),
(08067,734032,7),
(08066,124182,4),
(08065,758093,9),
(08064,803008,9),
(08063,009375,9),
(08062,655202,2),
(08061,900081,8),
(08060,156849,2),
(08059,210769,7),
(08058,546954,5),
(08057,359771,6),
(08056,413041,8),
(08055,352636,1),
(08054,967503,2),
(08053,851707,2),
(08052,961966,7),
(08051,869565,0),
(08050,714666,9),
(08049,627855,6),
(08048,464138,3),
(08047,898490,8),
(08046,216087,0),
(08045,180955,2),
(08044,965185,3),
(08043,798520,9),
(08042,738111,0),
(08041,605419,5),
(08040,590582,5),
(08039,882320,0),
(08038,393288,6),
(08037,509923,6),
(08036,370954,2),
(08035,689033,8),
(08034,915266,9),
(08033,385301,7),
(08032,225352,7),
(08031,074142,1),
(08030,389043,6),
(08029,379865,6),
(08028,332663,1),
(08027,204131,0),
(08026,833902,7),
(08025,376023,9),
(08024,117247,2),
(08023,918800,1),
(08022,696114,0),
(08021,648723,1),
(08020,381250,1),
(08019,960912,5),
(08018,928366,9),
(08017,430591,5),
(08016,845482,3),
(08015,637184,0),
(08014,431387,9),
(08013,876366,6),
(08012,898953,9),
(08011,876984,2),
(08010,060579,5),
(08009,050250,4),
(08008,792991,2),
(08007,668296,9),
(08006,256463,9),
(08005,711067,3),
(08004,485111,7),
(08003,404832,4),
(08002,535781,3),
(08001,195836,8),
(07153,435791,8),
(07152,743801,8),
(07151,412524,2),
(07150,141741,1),
(07149,043996,8),
(07148,214633,0),
(07147,220007,0),
(07146,705373,1),
(07145,967249,8),
(07144,415813,4),
(07143,053127,3),
(07142,604066,9),
(07141,850205,9),
(07140,941589,7),
(07139,848844,6),
(07138,494271,9),
(07137,402105,6),
(07136,582088,3),
(07135,965287,0),
(07134,699885,1),
(07133,965207,3),
(07132,157264,0),
(07131,773563,9),
(07130,543949,1),
(07129,777884,6),
(07128,674795,1),
(07127,684940,8),
(07126,175788,7),
(07125,440338,0),
(07124,578152,4),
(07123,514601,2),
(07122,334174,7),
(07121,772586,0),
(07120,143691,7),
(07119,989940,3),
(07118,657676,8),
(07117,211156,4),
(07116,411199,1),
(07115,002825,2),
(07114,929861,2),
(07113,758183,3),
(07112,851894,0),
(07111,290116,6),
(07110,671934,7),
(07109,940299,5),
(07108,472853,4),
(07107,397759,0),
(07106,519881,3),
(07105,876811,4),
(07104,388004,3),
(07103,945372,5),
(07102,609007,1),
(07101,288556,7),
(07100,441025,7),
(07099,848697,9),
(07098,395470,9),
(07097,472998,6),
(07096,694604,6),
(07095,695806,0),
(07094,465216,8),
(07093,630149,7),
(07092,910482,6),
(07091,415710,7),
(07090,792110,3),
(07089,052554,9),
(07088,709849,3),
(07087,035261,1),
(07086,170543,1),
(07085,121677,5),
(07084,304378,6),
(07083,509041,4),
(07082,169000,3),
(07081,800236,5),
(07080,558702,6),
(07079,546846,9),
(07078,538335,2),
(07077,696031,3),
(07076,854698,9),
(07075,462095,4),
(07074,183667,3),
(07073,176327,0),
(07072,076042,7),
(07071,883235,6),
(07070,285789,0),
(07069,860926,9),
(07068,684707,3),
(07067,628033,5),
(07066,750737,9),
(07065,419191,7),
(07064,427398,3),
(07063,149442,0),
(07062,876002,3),
(07061,120193,3),
(07060,898330,0),
(07059,420731,9),
(07058,551983,7),
(07057,513820,7),
(07056,208158,2),
(07055,683595,3),
(07054,154321,7),
(07053,168729,9),
(07052,450780,4),
(07051,435314,0),
(07050,841696,0),
(07049,247755,4),
(07048,939451,9),
(07047,241216,0),
(07046,209996,0),
(07045,783091,4),
(07044,857625,8),
(07043,819495,7),
(07042,009734,2),
(07041,982727,2),
(07040,225539,6),
(07039,162647,3),
(07038,311138,3),
(07037,423574,4),
(07036,756531,7),
(07035,888511,6),
(07034,242419,8),
(07033,475228,8),
(07032,312129,9),
(07031,961635,2),
(07030,581130,2),
(07029,914020,0),
(07028,176750,3),
(07027,200579,6),
(07026,049745,2),
(07025,613000,0),
(07024,939854,6),
(07023,586235,4),
(07022,611039,6),
(07021,034675,6),
(07020,367092,5),
(07019,128627,8),
(07018,099184,5),
(07017,908547,8),
(07016,250455,7),
(07015,317958,5),
(07014,341531,4),
(07013,086600,8),
(07012,526346,1),
(07011,392319,3),
(07010,160987,7),
(07009,538720,8),
(07008,216673,5),
(07007,518969,4),
(07006,035361,0),
(07005,464020,4),
(07004,643199,7),
(07003,575868,7),
(07002,833588,2),
(07001,395553,6),
(06154,174296,0),
(06153,597078,4),
(06152,117981,9),
(06151,046316,2),
(06150,986650,9),
(06149,403985,2),
(06148,092274,8),
(06147,185755,4),
(06146,191577,9),
(06145,486469,7),
(06144,889688,0),
(06143,253432,5),
(06142,239238,4),
(06141,153202,0),
(06140,689904,9),
(06139,339921,3),
(06138,427216,4),
(06137,038772,1),
(06136,481434,5),
(06135,894114,5),
(06134,799462,3),
(06133,134330,6),
(06132,601722,0),
(06131,518449,0),
(06130,786776,2),
(06129,186622,1),
(06128,214138,9),
(06127,378991,9),
(06126,624162,8),
(06125,236144,7),
(06124,538131,5),
(06123,377043,6),
(06122,540870,6),
(06121,940921,0),
(06120,183697,8),
(06119,219323,8),
(06118,986338,3),
(06117,513492,8),
(06116,932928,6),
(06115,384278,9),
(06114,640215,4),
(06113,259921,2),
(06112,812445,4),
(06111,931101,0),
(06110,129132,6),
(06109,574182,6),
(06108,701831,8),
(06107,110748,8),
(06106,453257,4),
(06105,574838,4),
(06104,957208,8),
(06103,279487,3),
(06102,972663,4),
(06101,323967,7),
(06100,171500,4),
(06099,843926,8),
(06098,887035,1),
(06097,854394,4),
(06096,061333,4),
(06095,616883,4),
(06094,075849,3),
(06093,844119,9),
(06092,774812,9),
(06091,731214,2),
(06090,244653,5),
(06089,905013,3),
(06088,212051,6),
(06087,645285,9),
(06086,179504,2),
(06085,193397,9),
(06084,795086,7),
(06083,404706,8),
(06082,457545,6),
(06081,012121,4),
(06080,109842,5),
(06079,341262,1),
(06078,483061,5),
(06077,465165,1),
(06076,230986,7),
(06075,234390,0),
(06074,114006,9),
(06073,431500,5),
(06072,384449,0),
(06071,086818,0),
(06070,247011,1),
(06069,105846,3),
(06068,245018,3),
(06067,963054,9),
(06066,327991,0),
(06065,368746,5),
(06064,792226,0),
(06063,312263,3),
(06062,021345,1),
(06061,313979,4),
(06060,911889,1),
(06059,057529,5),
(06058,823624,1),
(06057,472906,7),
(06056,593388,2),
(06055,222171,1),
(06054,765688,5),
(06053,065688,6),
(06052,525080,7),
(06051,697486,5),
(06050,453813,3),
(06049,976053,6),
(06048,437603,9),
(06047,964617,4),
(06046,107452,5),
(06045,851016,5),
(06044,273903,3),
(06043,812395,2),
(06042,918487,0),
(06041,639795,4),
(06040,561807,3),
(06039,161892,3),
(06038,136687,0),
(06037,167624,3),
(06036,744517,5),
(06035,150139,3),
(06034,013327,5),
(06033,582864,6),
(06032,732688,1),
(06031,670533,0),
(06030,880581,4),
(06029,066728,9),
(06028,044853,1),
(06027,218827,7),
(06026,815766,0),
(06025,033197,4),
(06024,906229,0),
(06023,990687,6),
(06022,252360,7),
(06021,350071,4),
(06020,302412,9),
(06019,006799,2),
(06018,469335,4),
(06017,387896,9),
(06016,988205,7),
(06015,218258,6),
(06014,704768,3),
(06013,230660,0),
(06012,249376,0),
(06011,219400,2),
(06010,136050,2),
(06009,281024,0),
(06008,076239,1),
(06007,721986,6),
(06006,257822,7),
(06005,563575,8),
(06004,815811,8),
(06003,453576,2),
(06002,672581,4),
(06001,665905,2),
(05153,192794,6),
(05152,094988,3),
(05151,758510,8),
(05150,968136,2),
(05149,487752,8),
(05148,308153,1),
(05147,911169,6),
(05146,879979,6),
(05145,506396,8),
(05144,899643,8),
(05143,970771,7),
(05142,018702,7),
(05141,017878,7),
(05140,049855,2),
(05139,921419,5),
(05138,522872,2),
(05137,902687,1),
(05136,292581,7),
(05135,814981,8),
(05134,505717,1),
(05133,301395,7),
(05132,116172,5),
(05131,214138,9),
(05130,585025,2),
(05129,888702,1),
(05128,709249,6),
(05127,863637,2),
(05126,404136,5),
(05125,082250,3),
(05124,571190,9),
(05123,556608,9),
(05122,294839,4),
(05121,724358,2),
(05120,749399,0),
(05119,751795,2),
(05118,931723,2),
(05117,779907,6),
(05116,144594,8),
(05115,860947,0),
(05114,852276,0),
(05113,525203,9),
(05112,342633,6),
(05111,966135,9),
(05110,513148,5),
(05109,313940,6),
(05108,539912,9),
(05107,295926,2),
(05106,627148,2),
(05105,788054,0),
(05104,832076,7),
(05103,672432,8),
(05102,585287,4),
(05101,183870,2),
(05100,904425,1),
(05099,355251,6),
(05098,293454,7),
(05097,556150,0),
(05096,034790,0),
(05095,793534,7),
(05094,146627,0),
(05093,139905,9),
(05092,184954,4),
(05091,524566,2),
(05090,230285,9),
(05089,326995,8),
(05088,333876,2),
(05087,079451,2),
(05086,178654,4),
(05085,613466,5),
(05084,836979,0),
(05083,468495,2),
(05082,519797,0),
(05081,419751,9),
(05080,229728,0),
(05079,371827,3),
(05078,729168,0),
(05077,971792,7),
(05076,165587,3),
(05075,241650,6),
(05074,880322,7),
(05073,716933,3),
(05072,860613,6),
(05071,967496,1),
(05070,664392,3),
(05069,390502,7),
(05068,485498,6),
(05067,861028,7),
(05066,519201,5),
(05065,993106,9),
(05064,836453,0),
(05063,971347,3),
(05062,433671,7),
(05061,656647,0),
(05060,019329,0),
(05059,017686,9),
(05058,176528,6),
(05057,764914,7),
(05056,884996,3),
(05055,505444,9),
(05054,788184,1),
(05053,212477,4),
(05052,820024,3),
(05051,195644,1),
(05050,872252,9),
(05049,681434,1),
(05048,307903,0),
(05047,014332,8),
(05046,923123,3),
(05045,624285,5),
(05044,658044,4),
(05043,334121,8),
(05042,650703,6),
(05041,105635,3),
(05040,661954,6),
(05039,709713,0),
(05038,172174,7),
(05037,430907,1),
(05036,630088,6),
(05035,316155,8),
(05034,129284,0),
(05033,741894,7),
(05032,099233,7),
(05031,060322,1),
(05030,617584,1),
(05029,276027,1),
(05028,599456,5),
(05027,356752,4),
(05026,697152,8),
(05025,331947,6),
(05024,620512,9),
(05023,497788,8),
(05022,071432,6),
(05021,988786,0),
(05020,808309,3),
(05019,699015,1),
(05018,813387,9),
(05017,602136,1),
(05016,500733,2),
(05015,100883,2),
(05014,614502,3),
(05013,887198,2),
(05012,243194,6),
(05011,737274,9),
(05010,619711,0),
(05009,482266,1),
(05008,958206,9),
(05007,199013,3),
(05006,700312,8),
(05005,433567,9),
(05004,873778,9),
(05003,852823,2),
(05002,824762,1),
(05001,114554,4),
(04197,203433,0),
(04196,248446,5),
(04195,813074,1),
(04194,004154,2),
(04193,813958,6),
(04192,317082,4),
(04191,294769,9),
(04190,754581,9),
(04189,481682,7),
(04188,914838,3),
(04187,810931,8),
(04186,612998,7),
(04185,444517,7),
(04184,003232,2),
(04183,436416,6),
(04182,441809,0),
(04181,526225,4),
(04180,443248,7),
(04179,718328,0),
(04178,317387,5),
(04177,192882,7),
(04176,150680,0),
(04175,415240,3),
(04174,071132,0),
(04173,473043,7),
(04172,008613,7),
(04171,862210,5),
(04170,096856,5),
(04169,533463,0),
(04168,991295,3),
(04167,406507,1),
(04166,056369,1),
(04165,636184,9),
(04164,735914,7),
(04163,008835,5),
(04162,077591,6),
(04161,885013,4),
(04160,704354,3),
(04159,923439,5),
(04158,251494,8),
(04157,282405,5),
(04156,980993,1),
(04155,562246,7),
(04154,940732,5),
(04153,453492,5),
(04152,370846,8),
(04151,351764,9),
(04150,396611,8),
(04149,631256,2),
(04148,229860,7),
(04147,600965,5),
(04146,496652,3),
(04145,078412,1),
(04144,391587,9),
(04143,331633,4),
(04142,332050,1),
(04141,421058,6),
(04140,482126,3),
(04139,657706,2),
(04138,802766,2),
(04137,083496,9),
(04136,436009,2),
(04135,524944,9),
(04134,780015,3),
(04133,143048,2),
(04132,230550,0),
(04131,811151,6),
(04130,769280,1),
(04129,782270,2),
(04128,214258,4),
(04127,761407,7),
(04126,125331,6),
(04125,768747,6),
(04124,696950,8),
(04123,736295,5),
(04122,754696,7),
(04121,267805,9),
(04120,889434,1),
(04119,263871,9),
(04118,389299,4),
(04117,959154,4),
(04116,303981,6),
(04115,074026,0),
(04114,112543,6),
(04113,325746,5),
(04112,711453,2),
(04111,387645,6),
(04110,399571,3),
(04109,439133,0),
(04108,072468,2),
(04107,474326,9),
(04106,072101,1),
(04105,271924,4),
(04104,121994,6),
(04103,870542,6),
(04102,417693,6),
(04101,855851,1),
