(2023195,303),
(2023194,168),
(2023193,181),
(2023192,212),
(2023191,768),
(2023190,905),
(2023189,327),
(2023188,280),
(2023187,513),
(2023186,145),
(2023185,667),
(2023184,730),
(2023183,066),
(2023182,702),
(2023181,567),
(2023180,932),
(2023179,737),
(2023178,030),
(2023177,119),
(2023176,888),
(2023175,190),
(2023174,665),
(2023173,730),
(2023172,245),
(2023171,751),
(2023170,427),
(2023169,182),
(2023168,057),
(2023167,216),
(2023166,557),
(2023165,337),
(2023164,891),
(2023163,124),
(2023162,022),
(2023161,314),
(2023160,422),
(2023159,802),
(2023158,750),
(2023157,029),
(2023156,689),
(2023155,285),
(2023154,602),
(2023153,065),
(2023152,165),
(2023151,339),
(2023150,247),
(2023149,922),
(2023148,959),
(2023147,970),
(2023146,942),
(2023145,206),
(2023144,563),
(2023143,495),
(2023142,711),
(2023141,193),
(2023140,757),
(2023139,981),
(2023138,945),
(2023137,666),
(2023136,575),
(2023135,505),
(2023134,463),
(2023133,371),
(2023132,275),
(2023131,210),
(2023130,151),
(2023129,185),
(2023128,507),
(2023127,710),
(2023126,496),
(2023125,007),
(2023124,236),
(2023123,804),
(2023122,412),
(2023121,293),
(2023120,871),
(2023119,112),
(2023118,737),
(2023117,401),
(2023116,619),
(2023115,716),
(2023114,176),
(2023113,586),
(2023112,069),
(2023111,687),
(2023110,905),
(2023109,904),
(2023108,253),
(2023107,065),
(2023106,602),
(2023105,884),
(2023104,398),
(2023103,408),
(2023102,411),
(2023101,654),
(2023100,393),
(2023099,124),
(2023098,117),
(2023097,875),
(2023096,575),
(2023095,063),
(2023094,503),
(2023093,379),
(2023092,888),
(2023091,794),
(2023090,274),
(2023089,134),
(2023088,783),
(2023087,213),
(2023086,143),
(2023085,568),
(2023084,838),
(2023083,870),
(2023082,057),
(2023081,982),
(2023080,884),
(2023079,892),
(2023078,856),
(2023077,450),
(2023076,886),
(2023075,920),
(2023074,184),
(2023073,514),
(2023072,496),
(2023071,295),
(2023070,981),
(2023069,074),
(2023068,799),
(2023067,090),
(2023066,198),
(2023065,573),
(2023064,217),
(2023063,010),
(2023062,732),
(2023061,235),
(2023060,086),
(2023059,059),
(2023058,767),
(2023057,973),
(2023056,156),
(2023055,873),
(2023054,117),
(2023053,310),
(2023052,150),
(2023051,066),
(2023050,602),
(2023049,735),
(2023048,306),
(2023047,159),
(2023046,103),
(2023045,700),
(2023044,811),
(2023043,918),
(2023042,728),
(2023041,133),
(2023040,413),
(2023039,919),
(2023038,845),
(2023037,638),
(2023036,380),
(2023035,104),
(2023034,842),
(2023033,519),
(2023032,139),
(2023031,372),
(2023030,752),
(2023029,923),
(2023028,043),
(2023027,334),
(2023026,514),
(2023025,856),
(2023024,495),
(2023023,527),
(2023022,446),
(2023021,025),
(2023020,845),
(2023019,874),
(2023018,121),
(2023017,053),
(2023016,664),
(2023015,532),
(2023014,322),
(2023013,887),
(2023012,648),
(2023011,666),
(2023010,206),
(2023009,783),
(2023008,708),
(2023007,817),
(2023006,715),
(2023005,609),
(2023004,398),
(2023003,596),
(2023002,850),
(2023001,432),
(2022351,249),
(2022350,688),
(2022349,562),
(2022348,158),
(2022347,357),
(2022346,903),
(2022345,503),
(2022344,648),
(2022343,580),
(2022342,571),
(2022341,841),
(2022340,042),
(2022339,042),
(2022338,720),
(2022337,099),
(2022336,298),
(2022335,259),
(2022334,505),
(2022333,663),
(2022332,417),
(2022331,746),
(2022330,070),
(2022329,477),
(2022328,930),
(2022327,358),
(2022326,954),
(2022325,853),
(2022324,408),
(2022323,331),
(2022322,900),
(2022321,304),
(2022320,409),
(2022319,221),
(2022318,370),
(2022317,775),
(2022316,742),
(2022315,894),
(2022314,714),
(2022313,942),
(2022312,527),
(2022311,923),
(2022310,911),
(2022309,220),
(2022308,087),
(2022307,762),
(2022306,188),
(2022305,315),
(2022304,767),
(2022303,319),
(2022302,754),
(2022301,182),
(2022300,292),
(2022299,411),
(2022298,777),
(2022297,315),
(2022296,305),
(2022295,184),
(2022294,628),
(2022293,072),
(2022292,428),
(2022291,870),
(2022290,299),
(2022289,157),
(2022288,358),
(2022287,512),
(2022286,452),
(2022285,229),
(2022284,230),
(2022283,139),
(2022282,578),
(2022281,622),
(2022280,139),
(2022279,514),
(2022278,128),
(2022277,008),
(2022276,309),
(2022275,020),
(2022274,867),
(2022273,911),
(2022272,531),
(2022271,500),
(2022270,889),
(2022269,643),
(2022268,037),
(2022267,738),
(2022266,410),
(2022265,909),
(2022264,533),
(2022263,289),
(2022262,764),
(2022261,838),
(2022260,280),
(2022259,696),
(2022258,444),
(2022257,092),
(2022256,070),
(2022255,099),
(2022254,356),
(2022253,327),
(2022252,986),
(2022251,883),
(2022250,041),
(2022249,285),
(2022248,197),
(2022247,338),
(2022246,222),
(2022245,060),
(2022244,492),
(2022243,638),
(2022242,327),
(2022241,724),
(2022240,055),
(2022239,109),
(2022238,131),
(2022237,691),
(2022236,336),
(2022235,625),
(2022234,188),
(2022233,973),
(2022232,975),
(2022231,444),
(2022230,660),
(2022229,960),
(2022228,640),
(2022227,654),
(2022226,426),
(2022225,410),
(2022224,008),
(2022223,230),
(2022222,893),
(2022221,733),
(2022220,006),
(2022219,792),
(2022218,117),
(2022217,069),
(2022216,765),
(2022215,146),
(2022214,282),
(2022213,753),
(2022212,560),
(2022211,131),
(2022210,392),
(2022209,167),
(2022208,408),
(2022207,097),
(2022206,290),
(2022205,936),
(2022204,525),
(2022203,151),
(2022202,652),
(2022201,578),
(2022200,797),
(2022199,508),
(2022198,611),
(2022197,565),
(2022196,603),
(2022195,660),
(2022194,689),
(2022193,729),
(2022192,083),
(2022191,141),
(2022190,181),
(2022189,619),
(2022188,677),
(2022187,502),
(2022186,685),
(2022185,851),
(2022184,485),
(2022183,515),
(2022182,351),
(2022181,872),
(2022180,503),
(2022179,699),
(2022178,387),
(2022177,602),
(2022176,747),
(2022175,737),
(2022174,732),
(2022173,557),
(2022172,324),
(2022171,341),
(2022170,635),
(2022169,719),
(2022168,203),
(2022167,783),
(2022166,487),
(2022165,708),
(2022164,105),
(2022163,532),
(2022162,864),
(2022161,772),
(2022160,949),
(2022159,021),
(2022158,958),
(2022157,429),
(2022156,247),
(2022155,536),
(2022154,234),
(2022153,808),
(2022152,577),
(2022151,443),
(2022150,630),
(2022149,027),
(2022148,775),
(2022147,869),
(2022146,848),
(2022145,150),
(2022144,060),
(2022143,231),
(2022142,883),
(2022141,505),
(2022140,323),
(2022139,121),
(2022138,943),
(2022137,441),
(2022136,562),
(2022135,167),
(2022134,953),
(2022133,920),
(2022132,572),
(2022131,865),
(2022130,462),
(2022129,395),
(2022128,156),
(2022127,256),
(2022126,554),
(2022125,090),
(2022124,901),
(2022123,590),
(2022122,592),
(2022121,765),
(2022120,509),
(2022119,320),
(2022118,260),
(2022117,281),
(2022116,812),
(2022115,928),
(2022114,623),
(2022113,299),
(2022112,245),
(2022111,334),
(2022110,040),
(2022109,865),
(2022108,512),
(2022107,150),
(2022106,507),
(2022105,440),
(2022104,690),
(2022103,958),
(2022102,851),
(2022101,731),
(2022100,666),
(2022099,393),
(2022098,465),
(2022097,304),
(2022096,810),
(2022095,519),
(2022094,198),
(2022093,633),
(2022092,752),
(2022091,367),
(2022090,722),
(2022089,713),
(2022088,261),
(2022087,069),
(2022086,204),
(2022085,654),
(2022084,797),
(2022083,465),
(2022082,505),
(2022081,838),
(2022080,723),
(2022079,210),
(2022078,398),
(2022077,986),
(2022076,091),
(2022075,660),
(2022074,759),
(2022073,014),
(2022072,783),
(2022071,935),
(2022070,618),
(2022069,730),
(2022068,569),
(2022067,998),
(2022066,968),
(2022065,254),
(2022064,354),
(2022063,991),
(2022062,812),
(2022061,895),
(2022060,543),
(2022059,727),
(2022058,218),
(2022057,546),
(2022056,092),
(2022055,794),
(2022054,585),
(2022053,764),
(2022052,053),
(2022051,573),
(2022050,982),
(2022049,026),
(2022048,225),
(2022047,882),
(2022046,875),
(2022045,822),
(2022044,169),
(2022043,404),
(2022042,702),
(2022041,184),
(2022040,977),
(2022039,787),
(2022038,083),
(2022037,536),
(2022036,641),
(2022035,059),
(2022034,689),
(2022033,744),
(2022032,500),
(2022031,664),
(2022030,561),
(2022029,578),
(2022028,086),
(2022027,877),
(2022026,141),
(2022025,579),
(2022024,472),
(2022023,874),
(2022022,743),
(2022021,192),
(2022020,816),
(2022019,244),
(2022018,755),
(2022017,348),
(2022016,285),
(2022015,786),
(2022014,462),
(2022013,528),
(2022012,952),
(2022011,379),
(2022010,982),
(2022009,601),
(2022008,498),
(2022007,921),
(2022006,887),
(2022005,240),
(2022004,739),
(2022003,010),
(2022002,927),
(2022001,349),
(2021351,747),
(2021350,038),
(2021349,106),
(2021348,184),
(2021347,594),
(2021346,266),
(2021345,935),
(2021344,611),
(2021343,793),
(2021342,312),
(2021341,606),
(2021340,287),
(2021339,267),
(2021338,490),
(2021337,889),
(2021336,650),
(2021335,493),
(2021334,692),
(2021333,494),
(2021332,500),
(2021331,122),
(2021330,744),
(2021329,286),
(2021328,300),
(2021327,935),
(2021326,970),
(2021325,515),
(2021324,886),
(2021323,754),
(2021322,500),
(2021321,397),
(2021320,369),
(2021319,886),
(2021318,489),
(2021317,143),
(2021316,516),
(2021315,755),
(2021314,020),
(2021313,938),
(2021312,698),
(2021311,958),
(2021310,456),
(2021309,722),
(2021308,180),
(2021307,486),
(2021306,774),
(2021305,207),
(2021304,609),
(2021303,632),
(2021302,432),
(2021301,521),
(2021300,576),
(2021299,580),
(2021298,285),
(2021297,893),
(2021296,584),
(2021295,251),
(2021294,542),
(2021293,356),
(2021292,954),
(2021291,795),
(2021290,658),
(2021289,830),
(2021288,330),
(2021287,453),
(2021286,080),
(2021285,447),
(2021284,610),
(2021283,599),
(2021282,506),
(2021281,235),
(2021280,276),
(2021279,915),
(2021278,598),
(2021277,453),
(2021276,719),
(2021275,258),
(2021274,987),
(2021273,197),
(2021272,985),
(2021271,843),
(2021270,603),
(2021269,275),
(2021268,128),
(2021267,175),
(2021266,073),
(2021265,700),
(2021264,872),
(2021263,194),
(2021262,548),
(2021261,293),
(2021260,720),
(2021259,930),
(2021258,946),
(2021257,819),
(2021256,904),
(2021255,167),
(2021254,160),
(2021253,203),
(2021252,210),
(2021251,133),
(2021250,872),
(2021249,448),
(2021248,050),
(2021247,121),
(2021246,091),
(2021245,447),
(2021244,417),
(2021243,327),
(2021242,564),
(2021241,262),
(2021240,311),
(2021239,930),
(2021238,194),
(2021237,724),
(2021236,686),
(2021235,254),
(2021234,561),
(2021233,904),
(2021232,437),
(2021231,026),
(2021230,764),
(2021229,708),
(2021228,045),
(2021227,490),
(2021226,486),
(2021225,498),
(2021224,010),
(2021223,184),
(2021222,372),
(2021221,929),
(2021220,023),
(2021219,921),
(2021218,730),
(2021217,216),
(2021216,765),
(2021215,189),
(2021214,144),
(2021213,950),
(2021212,258),
(2021211,276),
(2021210,797),
(2021209,396),
(2021208,283),
(2021207,144),
(2021206,452),
(2021205,813),
(2021204,945),
(2021203,920),
(2021202,601),
(2021201,872),
(2021200,258),
(2021199,131),
(2021198,121),
(2021197,053),
(2021196,407),
(2021195,752),
(2021194,447),
(2021193,066),
(2021192,647),
(2021191,871),
(2021190,036),
(2021189,380),
(2021188,450),
(2021187,740),
(2021186,271),
(2021185,938),
(2021184,497),
(2021183,546),
(2021182,472),
(2021181,371),
(2021180,144),
(2021179,994),
(2021178,716),
(2021177,693),
(2021176,213),
(2021175,132),
(2021174,676),
(2021173,023),
(2021172,276),
(2021171,366),
(2021170,184),
(2021169,042),
(2021168,645),
(2021167,126),
(2021166,873),
(2021165,837),
(2021164,125),
(2021163,665),
(2021162,887),
(2021161,299),
(2021160,895),
(2021159,723),
(2021158,307),
(2021157,807),
(2021156,433),
(2021155,089),
(2021154,043),
(2021153,411),
(2021152,712),
(2021151,161),
(2021150,862),
(2021149,972),
(2021148,945),
(2021147,198),
(2021146,858),
(2021145,176),
(2021144,258),
(2021143,232),
(2021142,967),
(2021141,070),
(2021140,395),
(2021139,800),
(2021138,954),
(2021137,070),
(2021136,888),
(2021135,081),
(2021134,456),
(2021133,160),
(2021132,688),
(2021131,055),
(2021130,198),
(2021129,816),
(2021128,173),
(2021127,606),
(2021126,641),
(2021125,942),
(2021124,407),
(2021123,748),
(2021122,401),
(2021121,801),
(2021120,450),
(2021119,859),
(2021118,550),
(2021117,079),
(2021116,161),
(2021115,231),
(2021114,577),
(2021113,012),
(2021112,349),
(2021111,271),
(2021110,312),
(2021109,183),
(2021108,053),
(2021107,782),
(2021106,872),
(2021105,589),
(2021104,385),
(2021103,512),
(2021102,019),
(2021101,145),
(2021100,877),
(2021099,098),
(2021098,014),
(2021097,168),
(2021096,244),
(2021095,989),
(2021094,699),
(2021093,333),
(2021092,705),
(2021091,045),
(2021090,137),
(2021089,383),
(2021088,144),
(2021087,902),
(2021086,432),
(2021085,235),
(2021084,766),
(2021083,131),
(2021082,067),
(2021081,340),
(2021080,128),
(2021079,167),
(2021078,079),
(2021077,853),
(2021076,954),
(2021075,757),
(2021074,237),
(2021073,678),
(2021072,400),
(2021071,914),
(2021070,376),
(2021069,772),
(2021068,658),
(2021067,608),
(2021066,761),
(2021065,805),
(2021064,491),
(2021063,811),
(2021062,130),
(2021061,305),
(2021060,857),
(2021059,581),
(2021058,784),
(2021057,565),
(2021056,985),
(2021055,245),
(2021054,437),
(2021053,869),
(2021052,329),
(2021051,960),
(2021050,193),
(2021049,747),
(2021048,400),
(2021047,683),
(2021046,791),
(2021045,454),
(2021044,323),
(2021043,936),
(2021042,061),
(2021041,361),
(2021040,729),
(2021039,746),
(2021038,685),
(2021037,070),
(2021036,011),
(2021035,021),
(2021034,796),
(2021033,852),
(2021032,072),
(2021031,019),
(2021030,694),
(2021029,150),
(2021028,381),
(2021027,472),
(2021026,264),
(2021025,280),
(2021024,030),
(2021023,131),
(2021022,949),
(2021021,401),
(2021020,799),
(2021019,815),
(2021018,125),
(2021017,780),
(2021016,615),
(2021015,697),
(2021014,248),
(2021013,244),
(2021012,906),
(2021011,026),
(2021010,233),
(2021009,626),
(2021008,382),
(2021007,290),
(2021006,733),
(2021005,839),
(2021004,981),
(2021003,113),
(2021002,667),
(2021001,177),
(2020313,538),
(2020312,344),
(2020311,574),
(2020310,611),
(2020309,536),
(2020308,115),
(2020307,789),
(2020306,108),
(2020305,506),
(2020304,658),
(2020303,463),
(2020302,397),
(2020301,471),
(2020300,299),
(2020299,964),
(2020298,624),
(2020297,042),
(2020296,898),
(2020295,702),
(2020294,460),
(2020293,566),
(2020292,941),
(2020291,753),
(2020290,418),
(2020289,086),
(2020288,956),
(2020287,462),
(2020286,628),
(2020285,875),
(2020284,502),
(2020283,984),
(2020282,511),
(2020281,114),
(2020280,200),
(2020279,233),
(2020278,021),
(2020277,102),
(2020276,727),
(2020275,077),
(2020274,891),
(2020273,068),
(2020272,647),
(2020271,550),
(2020270,369),
(2020269,391),
(2020268,087),
(2020267,585),
(2020266,827),
(2020265,746),
(2020264,471),
(2020263,007),
(2020262,706),
(2020261,142),
(2020260,820),
(2020259,240),
(2020258,024),
(2020257,894),
(2020256,844),
(2020255,106),
(2020254,669),
(2020253,755),
(2020252,974),
(2020251,882),
(2020250,863),
(2020249,704),
(2020248,822),
(2020247,428),
(2020246,486),
(2020245,093),
(2020244,433),
(2020243,258),
(2020242,708),
(2020241,112),
(2020240,575),
(2020239,547),
(2020238,334),
(2020237,396),
(2020236,136),
(2020235,341),
(2020234,671),
(2020233,472),
(2020232,281),
(2020231,867),
(2020230,639),
(2020229,121),
(2020228,053),
(2020227,356),
(2020226,830),
(2020225,097),
(2020224,758),
(2020223,421),
(2020222,638),
(2020221,988),
(2020220,973),
(2020219,285),
(2020218,853),
(2020217,679),
(2020216,385),
(2020215,114),
(2020214,651),
(2020213,027),
(2020212,418),
(2020211,241),
(2020210,496),
(2020209,377),
(2020208,202),
(2020207,234),
(2020206,960),
(2020205,993),
(2020204,126),
(2020203,100),
(2020202,482),
(2020201,942),
(2020200,602),
(2020199,567),
(2020198,832),
(2020197,784),
(2020196,471),
(2020195,243),
(2020194,941),
(2020193,933),
(2020192,708),
(2020191,641),
(2020190,733),
(2020189,625),
(2020188,465),
(2020187,612),
(2020186,903),
(2020185,163),
(2020184,011),
(2020183,549),
(2020182,845),
(2020181,227),
(2020180,644),
(2020179,660),
(2020178,205),
(2020177,137),
(2020176,933),
(2020175,304),
(2020174,687),
(2020173,909),
(2020172,769),
(2020171,710),
(2020170,942),
(2020169,965),
(2020168,215),
(2020167,641),
(2020166,808),
(2020165,910),
(2020164,769),
(2020163,804),
(2020162,810),
(2020161,688),
(2020160,593),
(2020159,915),
(2020158,320),
(2020157,200),
(2020156,112),
(2020155,993),
(2020154,886),
(2020153,916),
(2020152,704),
(2020151,788),
(2020150,612),
(2020149,391),
(2020148,981),
(2020147,086),
(2020146,535),
(2020145,109),
(2020144,869),
(2020143,086),
(2020142,899),
(2020141,805),
(2020140,481),
(2020139,950),
(2020138,020),
(2020137,994),
(2020136,746),
(2020135,569),
(2020134,884),
(2020133,276),
(2020132,649),
(2020131,053),
(2020130,455),
(2020129,360),
(2020128,868),
(2020127,885),
(2020126,915),
(2020125,749),
(2020124,185),
(2020123,015),
(2020122,384),
(2020121,870),
(2020120,109),
(2020119,125),
(2020118,297),
(2020117,721),
(2020116,008),
(2020115,036),
(2020114,737),
(2020113,524),
(2020112,503),
(2020111,220),
(2020110,450),
(2020109,818),
(2020108,155),
(2020107,856),
(2020106,964),
(2020105,198),
(2020104,397),
(2020103,872),
(2020102,786),
(2020101,298),
(2020100,668),
(2020099,681),
(2020098,292),
(2020097,840),
(2020096,666),
(2020095,740),
(2020094,911),
(2020093,124),
(2020092,497),
(2020091,088),
(2020090,575),
(2020089,577),
(2020088,746),
(2020087,114),
(2020086,516),
(2020085,336),
(2020084,612),
(2020083,440),
(2020082,191),
(2020081,148),
(2020080,662),
(2020079,570),
(2020078,597),
(2020077,020),
(2020076,082),
(2020075,276),
(2020074,079),
(2020073,685),
(2020072,921),
(2020071,059),
(2020070,835),
(2020069,260),
(2020068,153),
(2020067,942),
(2020066,219),
(2020065,294),
(2020064,853),
(2020063,663),
(2020062,902),
(2020061,535),
(2020060,828),
(2020059,948),
(2020058,902),
(2020057,880),
(2020056,462),
(2020055,468),
(2020054,978),
(2020053,430),
(2020052,503),
(2020051,221),
(2020050,314),
(2020049,297),
(2020048,997),
(2020047,874),
(2020046,822),
(2020045,234),
(2020044,227),
(2020043,567),
(2020042,034),
(2020041,879),
(2020040,900),
(2020039,472),
(2020038,392),
(2020037,683),
(2020036,740),
(2020035,776),
(2020034,531),
(2020033,116),
(2020032,794),
(2020031,818),
(2020030,037),
(2020029,042),
(2020028,265),
(2020027,231),
(2020026,885),
(2020025,143),
(2020024,827),
(2020023,511),
(2020022,485),
(2020021,901),
(2020020,296),
(2020019,049),
(2020018,623),
(2020017,434),
(2020016,251),
(2020015,586),
(2020014,137),
(2020013,447),
(2020012,705),
(2020011,397),
(2020010,389),
(2020009,574),
(2020008,602),
(2020007,496),
(2020006,296),
(2020005,804),
(2020004,807),
(2020003,004),
(2020002,337),
(2020001,087),
(2019351,852),
(2019350,290),
(2019349,878),
(2019348,822),
(2019347,348),
(2019346,472),
(2019345,511),
(2019344,704),
(2019343,538),
(2019342,789),
(2019341,802),
(2019340,051),
(2019339,602),
(2019338,914),
(2019337,959),
(2019336,665),
(2019335,677),
(2019334,000),
(2019333,536),
(2019332,776),
(2019331,883),
(2019330,265),
(2019329,047),
(2019328,125),
(2019327,242),
(2019326,545),
(2019325,798),
(2019324,432),
(2019323,170),
(2019322,044),
(2019321,853),
(2019320,588),
(2019319,333),
(2019318,232),
(2019317,548),
(2019316,885),
(2019315,983),
(2019314,594),
(2019313,048),
(2019312,031),
(2019311,248),
(2019310,765),
(2019309,341),
(2019308,672),
(2019307,036),
(2019306,153),
(2019305,439),
(2019304,465),
(2019303,909),
(2019302,426),
(2019301,109),
(2019300,936),
(2019299,328),
(2019298,335),
(2019297,956),
(2019296,345),
(2019295,877),
(2019294,612),
(2019293,663),
(2019292,068),
(2019291,882),
(2019290,328),
(2019289,362),
(2019288,758),
(2019287,715),
(2019286,293),
(2019285,059),
(2019284,562),
(2019283,444),
(2019282,858),
(2019281,980),
(2019280,061),
(2019279,266),
(2019278,842),
(2019277,046),
(2019276,873),
(2019275,497),
(2019274,493),
(2019273,134),
(2019272,007),
(2019271,695),
(2019270,478),
(2019269,417),
(2019268,373),
(2019267,898),
(2019266,985),
(2019265,999),
(2019264,987),
(2019263,949),
(2019262,103),
(2019261,591),
(2019260,997),
(2019259,989),
(2019258,103),
(2019257,010),
(2019256,018),
(2019255,263),
(2019254,575),
(2019253,281),
(2019252,831),
(2019251,050),
(2019250,575),
(2019249,719),
(2019248,262),
(2019247,670),
(2019246,615),
(2019245,812),
(2019244,575),
(2019243,682),
(2019242,691),
(2019241,608),
(2019240,664),
(2019239,138),
(2019238,217),
(2019237,959),
(2019236,219),
(2019235,770),
(2019234,340),
(2019233,610),
(2019232,789),
(2019231,110),
(2019230,887),
(2019229,845),
(2019228,054),
(2019227,265),
(2019226,252),
(2019225,601),
(2019224,043),
(2019223,405),
(2019222,155),
(2019221,484),
(2019220,010),
(2019219,475),
(2019218,532),
(2019217,361),
(2019216,408),
(2019215,487),
(2019214,780),
(2019213,245),
(2019212,786),
(2019211,123),
(2019210,371),
(2019209,306),
(2019208,674),
(2019207,924),
(2019206,879),
(2019205,500),
(2019204,390),
(2019203,140),
(2019202,249),
(2019201,941),
(2019200,014),
(2019199,003),
(2019198,594),
(2019197,544),
(2019196,853),
(2019195,734),
(2019194,550),
(2019193,943),
(2019192,746),
(2019191,287),
(2019190,464),
(2019189,317),
(2019188,446),
(2019187,112),
(2019186,157),
(2019185,194),
(2019184,060),
(2019183,729),
(2019182,351),
(2019181,168),
(2019180,926),
(2019179,402),
(2019178,796),
(2019177,061),
(2019176,501),
(2019175,464),
(2019174,848),
(2019173,846),
(2019172,416),
(2019171,661),
(2019170,578),
(2019169,060),
(2019168,061),
(2019167,813),
(2019166,531),
(2019165,883),
(2019164,951),
(2019163,894),
(2019162,033),
(2019161,972),
(2019160,135),
(2019159,170),
(2019158,708),
(2019157,626),
(2019156,879),
(2019155,050),
(2019154,632),
(2019153,326),
(2019152,051),
(2019151,347),
(2019150,258),
(2019149,350),
(2019148,362),
(2019147,470),
(2019146,013),
(2019145,315),
(2019144,388),
(2019143,471),
(2019142,792),
(2019141,315),
(2019140,276),
(2019139,849),
(2019138,331),
(2019137,347),
(2019136,670),
(2019135,789),
(2019134,394),
(2019133,219),
(2019132,787),
(2019131,031),
(2019130,298),
(2019129,504),
(2019128,980),
(2019127,758),
(2019126,470),
(2019125,081),
(2019124,211),
(2019123,157),
(2019122,865),
(2019121,608),
(2019120,900),
(2019119,249),
(2019118,418),
(2019117,296),
(2019116,047),
(2019115,466),
(2019114,558),
(2019113,238),
(2019112,922),
(2019111,716),
(2019110,612),
(2019109,136),
(2019108,515),
(2019107,177),
(2019106,040),
(2019105,382),
(2019104,593),
(2019103,750),
(2019102,559),
(2019101,559),
(2019100,487),
(2019099,738),
(2019098,087),
(2019097,243),
(2019096,066),
(2019095,935),
(2019094,891),
(2019093,258),
(2019092,630),
(2019091,526),
(2019090,789),
(2019089,450),
(2019088,936),
(2019087,174),
(2019086,283),
(2019085,505),
(2019084,978),
(2019083,982),
(2019082,871),
(2019081,431),
(2019080,341),
(2019079,539),
(2019078,046),
(2019077,972),
(2019076,005),
(2019075,012),
(2019074,265),
(2019073,330),
(2019072,521),
(2019071,006),
(2019070,798),
(2019069,876),
(2019068,441),
(2019067,488),
(2019066,308),
(2019065,032),
(2019064,587),
(2019063,971),
(2019062,408),
(2019061,094),
(2019060,411),
(2019059,140),
(2019058,020),
(2019057,760),
(2019056,639),
(2019055,128),
(2019054,849),
(2019053,136),
(2019052,527),
(2019051,013),
(2019050,948),
(2019049,801),
(2019048,326),
(2019047,923),
(2019046,145),
(2019045,357),
(2019044,020),
(2019043,096),
(2019042,579),
(2019041,428),
(2019040,754),
(2019039,754),
(2019038,988),
(2019037,756),
(2019036,434),
(2019035,888),
(2019034,667),
(2019033,207),
(2019032,161),
(2019031,793),
(2019030,280),
(2019029,546),
(2019028,741),
(2019027,301),
(2019026,594),
(2019025,237),
(2019024,637),
(2019023,767),
(2019022,173),
(2019021,088),
(2019020,428),
(2019019,797),
(2019018,142),
(2019017,559),
(2019016,683),
(2019015,230),
(2019014,794),
(2019013,910),
(2019012,131),
(2019011,266),
(2019010,538),
(2019009,746),
(2019008,587),
(2019007,370),
(2019006,755),
(2019005,501),
(2019004,118),
(2019003,435),
(2019002,272),
(2019001,644),
(2018358,329),
(2018357,147),
(2018356,611),
(2018355,787),
(2018354,609),
(2018353,589),
(2018352,542),
(2018351,156),
(2018350,322),
(2018349,821),
(2018348,469),
(2018347,513),
(2018346,186),
(2018345,692),
(2018344,397),
(2018343,052),
(2018342,497),
(2018341,799),
(2018340,798),
(2018339,774),
(2018338,178),
(2018337,731),
(2018336,906),
(2018335,407),
(2018334,349),
(2018333,288),
(2018332,388),
(2018331,108),
(2018330,171),
(2018329,165),
(2018328,481),
(2018327,432),
(2018326,454),
(2018325,061),
(2018324,319),
(2018323,924),
(2018322,130),
(2018321,837),
(2018320,565),
(2018319,216),
(2018318,870),
(2018317,203),
(2018316,708),
(2018315,088),
(2018314,787),
(2018313,289),
(2018312,256),
(2018311,081),
(2018310,347),
(2018309,380),
(2018308,682),
(2018307,837),
(2018306,316),
(2018305,845),
(2018304,340),
(2018303,810),
(2018302,883),
(2018301,926),
(2018300,777),
(2018299,331),
(2018298,111),
(2018297,289),
(2018296,881),
(2018295,513),
(2018294,537),
(2018293,895),
(2018292,922),
(2018291,935),
(2018290,036),
(2018289,954),
(2018288,344),
(2018287,387),
(2018286,691),
(2018285,982),
(2018284,634),
(2018283,558),
(2018282,617),
(2018281,947),
(2018280,669),
(2018279,375),
(2018278,563),
(2018277,709),
(2018276,261),
(2018275,264),
(2018274,557),
(2018273,457),
(2018272,085),
(2018271,536),
(2018270,349),
(2018269,659),
(2018268,728),
(2018267,001),
(2018266,621),
(2018265,648),
(2018264,004),
(2018263,813),
(2018262,532),
(2018261,809),
(2018260,474),
(2018259,010),
(2018258,300),
(2018257,094),
(2018256,087),
(2018255,289),
(2018254,657),
(2018253,098),
(2018252,067),
(2018251,983),
(2018250,551),
(2018249,636),
(2018248,251),
(2018247,626),
(2018246,603),
(2018245,351),
(2018244,364),
(2018243,639),
(2018242,623),
(2018241,215),
(2018240,506),
(2018239,749),
(2018238,720),
(2018237,631),
(2018236,642),
(2018235,828),
(2018234,953),
(2018233,579),
(2018232,715),
(2018231,629),
(2018230,750),
(2018229,556),
(2018228,470),
(2018227,977),
(2018226,967),
(2018225,160),
(2018224,030),
(2018223,499),
(2018222,173),
(2018221,014),
(2018220,648),
(2018219,391),
(2018218,697),
(2018217,587),
(2018216,821),
(2018215,425),
(2018214,881),
(2018213,203),
(2018212,578),
(2018211,628),
(2018210,829),
(2018209,950),
(2018208,452),
(2018207,756),
(2018206,626),
(2018205,418),
(2018204,042),
(2018203,045),
(2018202,614),
(2018201,615),
(2018200,350),
(2018199,510),
(2018198,379),
(2018197,150),
(2018196,005),
(2018195,736),
(2018194,375),
(2018193,061),
(2018192,893),
(2018191,503),
(2018190,556),
(2018189,760),
(2018188,048),
(2018187,807),
(2018186,141),
(2018185,570),
(2018184,473),
(2018183,359),
(2018182,329),
(2018181,498),
(2018180,761),
(2018179,724),
(2018178,336),
(2018177,102),
(2018176,235),
(2018175,338),
(2018174,886),
(2018173,463),
(2018172,513),
(2018171,819),
(2018170,117),
(2018169,530),
(2018168,174),
(2018167,489),
(2018166,941),
(2018165,902),
(2018164,157),
(2018163,869),
(2018162,137),
(2018161,794),
(2018160,477),
(2018159,340),
(2018158,363),
(2018157,022),
(2018156,324),
(2018155,289),
(2018154,669),
(2018153,329),
(2018152,258),
(2018151,514),
(2018150,335),
(2018149,923),
(2018148,087),
(2018147,636),
(2018146,569),
(2018145,386),
(2018144,091),
(2018143,454),
(2018142,937),
(2018141,536),
(2018140,133),
(2018139,447),
(2018138,068),
(2018137,537),
(2018136,643),
(2018135,698),
(2018134,617),
(2018133,691),
(2018132,966),
(2018131,297),
(2018130,245),
(2018129,356),
(2018128,033),
(2018127,020),
(2018126,361),
(2018125,832),
(2018124,689),
(2018123,906),
(2018122,181),
(2018121,761),
(2018120,498),
(2018119,978),
(2018118,930),
(2018117,043),
(2018116,003),
(2018115,999),
(2018114,441),
(2018113,615),
(2018112,955),
(2018111,720),
(2018110,940),
(2018109,218),
(2018108,692),
(2018107,663),
(2018106,336),
(2018105,847),
(2018104,717),
(2018103,222),
(2018102,573),
(2018101,345),
(2018100,270),
(2018099,919),
(2018098,665),
(2018097,038),
(2018096,243),
(2018095,241),
(2018094,136),
(2018093,209),
(2018092,231),
(2018091,102),
(2018090,671),
(2018089,668),
(2018088,099),
(2018087,513),
(2018086,186),
(2018085,903),
(2018084,519),
(2018083,266),
(2018082,549),
(2018081,758),
(2018080,879),
(2018079,369),
(2018078,616),
(2018077,246),
(2018076,785),
(2018075,861),
(2018074,815),
(2018073,275),
(2018072,473),
(2018071,779),
(2018070,567),
(2018069,119),
(2018068,448),
(2018067,858),
(2018066,095),
(2018065,848),
(2018064,339),
(2018063,613),
(2018062,792),
(2018061,525),
(2018060,767),
(2018059,947),
(2018058,723),
(2018057,977),
(2018056,908),
(2018055,160),
(2018054,325),
(2018053,154),
(2018052,369),
(2018051,620),
(2018050,875),
(2018049,541),
(2018048,693),
(2018047,558),
(2018046,347),
(2018045,203),
(2018044,902),
(2018043,527),
(2018042,131),
(2018041,651),
(2018040,684),
(2018039,706),
(2018038,859),
(2018037,695),
(2018036,365),
(2018035,856),
(2018034,676),
(2018033,767),
(2018032,712),
(2018031,328),
(2018030,682),
(2018029,313),
(2018028,828),
(2018027,973),
(2018026,932),
(2018025,647),
(2018024,664),
(2018023,102),
(2018022,992),
(2018021,272),
(2018020,749),
(2018019,179),
(2018018,810),
(2018017,659),
(2018016,401),
(2018015,875),
(2018014,084),
(2018013,746),
(2018012,891),
(2018011,078),
(2018010,858),
(2018009,813),
(2018008,583),
(2018007,021),
(2018006,720),
(2018005,828),
(2018004,393),
(2018003,736),
(2018002,928),
(2018001,326),
(2017358,612),
(2017357,665),
(2017356,647),
(2017355,031),
(2017354,294),
(2017353,094),
(2017352,855),
(2017351,109),
(2017350,726),
(2017349,537),
(2017348,311),
(2017347,666),
(2017346,861),
(2017345,173),
(2017344,698),
(2017343,861),
(2017342,960),
(2017341,162),
(2017340,714),
(2017339,853),
(2017338,901),
(2017337,444),
(2017336,775),
(2017335,705),
(2017334,905),
(2017333,442),
(2017332,804),
(2017331,782),
(2017330,430),
(2017329,913),
(2017328,030),
(2017327,351),
(2017326,490),
(2017325,406),
(2017324,637),
(2017323,280),
(2017322,419),
(2017321,188),
(2017320,543),
(2017319,105),
(2017318,856),
(2017317,771),
(2017316,723),
(2017315,791),
(2017314,300),
(2017313,232),
(2017312,114),
(2017311,979),
(2017310,136),
(2017309,879),
(2017308,710),
(2017307,517),
(2017306,817),
(2017305,420),
(2017304,109),
(2017303,497),
(2017302,241),
(2017301,391),
(2017300,050),
(2017299,921),
(2017298,218),
(2017297,462),
(2017296,959),
(2017295,723),
(2017294,757),
(2017293,669),
(2017292,715),
(2017291,765),
(2017290,285),
(2017289,236),
(2017288,300),
(2017287,285),
(2017286,512),
(2017285,434),
(2017284,131),
(2017283,355),
(2017282,568),
(2017281,609),
(2017280,658),
(2017279,453),
(2017278,902),
(2017277,557),
(2017276,887),
(2017275,898),
(2017274,944),
(2017273,267),
(2017272,934),
(2017271,428),
(2017270,135),
(2017269,938),
(2017268,578),
(2017267,770),
(2017266,203),
(2017265,372),
(2017264,933),
(2017263,672),
(2017262,912),
(2017261,686),
(2017260,095),
(2017259,481),
(2017258,361),
(2017257,234),
(2017256,362),
(2017255,521),
(2017254,639),
(2017253,326),
(2017252,387),
(2017251,951),
(2017250,142),
(2017249,302),
(2017248,856),
(2017247,370),
(2017246,778),
(2017245,284),
(2017244,048),
(2017243,751),
(2017242,237),
(2017241,664),
(2017240,591),
(2017239,389),
(2017238,517),
(2017237,135),
(2017236,937),
(2017235,362),
(2017234,895),
(2017233,952),
(2017232,091),
(2017231,748),
(2017230,598),
(2017229,707),
(2017228,535),
(2017227,885),
(2017226,903),
(2017225,801),
(2017224,265),
(2017223,778),
(2017222,731),
(2017221,857),
(2017220,287),
(2017219,513),
(2017218,911),
(2017217,812),
(2017216,063),
(2017215,369),
(2017214,313),
(2017213,986),
(2017212,716),
(2017211,124),
(2017210,256),
(2017209,354),
(2017208,822),
(2017207,331),
(2017206,344),
(2017205,770),
(2017204,053),
(2017203,070),
(2017202,996),
(2017201,358),
(2017200,827),
(2017199,367),
(2017198,703),
(2017197,681),
(2017196,174),
(2017195,686),
(2017194,466),
(2017193,352),
(2017192,406),
(2017191,567),
(2017190,883),
(2017189,562),
(2017188,741),
(2017187,613),
(2017186,033),
(2017185,228),
(2017184,899),
(2017183,994),
(2017182,148),
(2017181,569),
(2017180,364),
(2017179,159),
(2017178,744),
(2017177,975),
(2017176,276),
(2017175,001),
(2017174,414),
(2017173,694),
(2017172,558),
(2017171,346),
(2017170,881),
(2017169,854),
(2017168,136),
(2017167,471),
(2017166,496),
(2017165,333),
(2017164,312),
(2017163,008),
(2017162,398),
(2017161,797),
(2017160,210),
(2017159,872),
(2017158,285),
(2017157,173),
(2017156,248),
(2017155,935),
(2017154,363),
(2017153,608),
(2017152,707),
(2017151,076),
(2017150,113),
(2017149,739),
(2017148,739),
(2017147,299),
(2017146,549),
(2017145,945),
(2017144,585),
(2017143,698),
(2017142,877),
(2017141,115),
(2017140,614),
(2017139,695),
(2017138,181),
(2017137,119),
(2017136,888),
(2017135,077),
(2017134,359),
(2017133,920),
(2017132,556),
(2017131,482),
(2017130,676),
(2017129,566),
(2017128,055),
(2017127,623),
(2017126,499),
(2017125,878),
(2017124,015),
(2017123,008),
(2017122,045),
(2017121,439),
(2017120,284),
(2017119,509),
(2017118,605),
(2017117,731),
(2017116,814),
(2017115,160),
(2017114,167),
(2017113,745),
(2017112,695),
(2017111,331),
(2017110,266),
(2017109,488),
(2017108,557),
(2017107,725),
(2017106,936),
(2017105,421),
(2017104,524),
(2017103,350),
(2017102,698),
(2017101,809),
(2017100,596),
(2017099,046),
(2017098,407),
(2017097,749),
(2017096,470),
(2017095,593),
(2017094,573),
(2017093,840),
(2017092,305),
(2017091,341),
(2017090,390),
(2017089,518),
(2017088,366),
(2017087,377),
(2017086,697),
(2017085,560),
(2017084,822),
(2017083,105),
(2017082,625),
(2017081,129),
(2017080,735),
(2017079,487),
(2017078,449),
(2017077,020),
(2017076,074),
(2017075,787),
(2017074,576),
(2017073,075),
(2017072,174),
(2017071,882),
(2017070,231),
(2017069,518),
(2017068,910),
(2017067,644),
(2017066,322),
(2017065,577),
(2017064,158),
(2017063,864),
(2017062,975),
(2017061,454),
(2017060,868),
(2017059,143),
(2017058,262),
(2017057,242),
(2017056,102),
(2017055,276),
(2017054,754),
(2017053,652),
(2017052,731),
(2017051,702),
(2017050,278),
(2017049,036),
(2017048,557),
(2017047,945),
(2017046,570),
(2017045,679),
(2017044,861),
(2017043,050),
(2017042,000),
(2017041,480),
(2017040,899),
(2017039,395),
(2017038,134),
(2017037,897),
(2017036,650),
(2017035,624),
(2017034,348),
(2017033,114),
(2017032,237),
(2017031,376),
(2017030,107),
(2017029,272),
(2017028,193),
(2017027,873),
(2017026,259),
(2017025,359),
(2017024,709),
(2017023,250),
(2017022,028),
(2017021,854),
(2017020,893),
(2017019,606),
(2017018,315),
(2017017,817),
(2017016,469),
(2017015,950),
(2017014,221),
(2017013,582),
(2017012,125),
(2017011,909),
(2017010,976),
(2017009,202),
(2017008,169),
(2017007,783),
(2017006,888),
(2017005,246),
(2017004,317),
(2017003,650),
(2017002,779),
(2017001,369),
(2016359,883),
(2016358,110),
(2016357,415),
(2016356,125),
(2016355,942),
(2016354,428),
(2016353,084),
(2016352,016),
(2016351,818),
(2016350,383),
(2016349,049),
(2016348,289),
(2016347,806),
(2016346,029),
(2016345,559),
(2016344,367),
(2016343,225),
(2016342,448),
(2016341,151),
(2016340,493),
(2016339,262),
(2016338,301),
(2016337,299),
(2016336,097),
(2016335,550),
(2016334,189),
(2016333,054),
(2016332,776),
(2016331,983),
(2016330,318),
(2016329,244),
(2016328,709),
(2016327,831),
(2016326,690),
(2016325,961),
(2016324,663),
(2016323,877),
(2016322,153),
(2016321,832),
(2016320,529),
(2016319,557),
(2016318,470),
(2016317,243),
(2016316,774),
(2016315,888),
(2016314,157),
(2016313,373),
(2016312,113),
(2016311,398),
(2016310,045),
(2016309,830),
(2016308,743),
(2016307,997),
(2016306,073),
(2016305,744),
(2016304,856),
(2016303,801),
(2016302,656),
(2016301,572),
(2016300,805),
(2016299,045),
(2016298,651),
(2016297,160),
(2016296,784),
(2016295,789),
(2016294,334),
(2016293,326),
(2016292,507),
(2016291,137),
(2016290,430),
(2016289,359),
(2016288,010),
(2016287,621),
(2016286,907),
(2016285,848),
(2016284,143),
(2016283,740),
(2016282,626),
(2016281,998),
(2016280,378),
(2016279,624),
(2016278,435),
(2016277,085),
(2016276,277),
(2016275,874),
(2016274,883),
(2016273,565),
(2016272,373),
(2016271,443),
(2016270,411),
(2016269,860),
(2016268,105),
(2016267,989),
(2016266,914),
(2016265,525),
(2016264,898),
(2016263,489),
(2016262,659),
(2016261,049),
(2016260,061),
(2016259,328),
(2016258,266),
(2016257,976),
(2016256,628),
(2016255,451),
(2016254,564),
(2016253,265),
(2016252,052),
(2016251,860),
(2016250,416),
(2016249,109),
(2016248,139),
(2016247,441),
(2016246,319),
(2016245,760),
(2016244,699),
(2016243,446),
(2016242,395),
(2016241,499),
(2016240,087),
(2016239,560),
(2016238,037),
(2016237,531),
(2016236,891),
(2016235,554),
(2016234,204),
(2016233,694),
(2016232,132),
(2016231,458),
(2016230,497),
(2016229,378),
(2016228,188),
(2016227,698),
(2016226,289),
(2016225,212),
(2016224,278),
(2016223,297),
(2016222,404),
(2016221,808),
(2016220,367),
(2016219,410),
(2016218,233),
(2016217,038),
(2016216,334),
(2016215,144),
(2016214,942),
(2016213,173),
(2016212,038),
(2016211,634),
(2016210,279),
(2016209,023),
(2016208,950),
(2016207,596),
(2016206,173),
(2016205,499),
(2016204,329),
(2016203,975),
(2016202,784),
(2016201,320),
(2016200,932),
(2016199,347),
(2016198,303),
(2016197,915),
(2016196,907),
(2016195,610),
(2016194,407),
(2016193,695),
(2016192,661),
(2016191,308),
(2016190,823),
(2016189,790),
(2016188,099),
(2016187,139),
(2016186,618),
(2016185,380),
(2016184,703),
(2016183,695),
(2016182,489),
(2016181,869),
(2016180,659),
(2016179,387),
(2016178,244),
(2016177,195),
(2016176,712),
(2016175,641),
(2016174,007),
(2016173,695),
(2016172,323),
(2016171,598),
(2016170,909),
(2016169,706),
(2016168,119),
(2016167,249),
(2016166,396),
(2016165,041),
(2016164,273),
(2016163,033),
(2016162,634),
(2016161,041),
(2016160,017),
(2016159,691),
(2016158,920),
(2016157,151),
(2016156,278),
(2016155,784),
(2016154,839),
(2016153,174),
(2016152,498),
(2016151,336),
(2016150,912),
(2016149,753),
(2016148,813),
(2016147,989),
(2016146,761),
(2016145,941),
(2016144,625),
(2016143,503),
(2016142,435),
(2016141,688),
(2016140,787),
(2016139,250),
(2016138,560),
(2016137,393),
(2016136,619),
(2016135,732),
(2016134,107),
(2016133,691),
(2016132,453),
(2016131,753),
(2016130,862),
(2016129,641),
(2016128,123),
(2016127,957),
(2016126,134),
(2016125,594),
(2016124,914),
(2016123,708),
(2016122,762),
(2016121,843),
(2016120,936),
(2016119,308),
(2016118,703),
(2016117,326),
(2016116,425),
(2016115,631),
(2016114,981),
(2016113,679),
(2016112,340),
(2016111,336),
(2016110,650),
(2016109,100),
(2016108,480),
(2016107,238),
(2016106,043),
(2016105,699),
(2016104,900),
(2016103,126),
(2016102,282),
(2016101,061),
(2016100,551),
(2016099,217),
(2016098,414),
(2016097,532),
(2016096,348),
(2016095,704),
(2016094,824),
(2016093,622),
(2016092,875),
(2016091,405),
(2016090,954),
(2016089,111),
(2016088,473),
(2016087,099),
(2016086,249),
(2016085,967),
(2016084,282),
(2016083,289),
(2016082,640),
(2016081,635),
(2016080,261),
(2016079,075),
(2016078,908),
(2016077,717),
(2016076,644),
(2016075,845),
(2016074,777),
(2016073,815),
(2016072,020),
(2016071,650),
(2016070,896),
(2016069,643),
(2016068,075),
(2016067,001),
(2016066,181),
(2016065,450),
(2016064,062),
(2016063,356),
(2016062,803),
(2016061,754),
(2016060,039),
(2016059,741),
(2016058,126),
(2016057,543),
(2016056,941),
(2016055,553),
(2016054,328),
(2016053,949),
(2016052,641),
(2016051,528),
(2016050,731),
(2016049,739),
(2016048,851),
(2016047,606),
(2016046,383),
(2016045,692),
(2016044,010),
(2016043,557),
(2016042,701),
(2016041,519),
(2016040,143),
(2016039,248),
(2016038,960),
(2016037,468),
(2016036,968),
(2016035,981),
(2016034,606),
(2016033,387),
(2016032,778),
(2016031,592),
(2016030,293),
(2016029,026),
(2016028,416),
(2016027,280),
(2016026,324),
(2016025,110),
(2016024,624),
(2016023,729),
(2016022,916),
(2016021,699),
(2016020,521),
(2016019,278),
(2016018,563),
(2016017,531),
(2016016,447),
(2016015,349),
(2016014,938),
(2016013,324),
(2016012,180),
(2016011,815),
(2016010,802),
(2016009,353),
(2016008,583),
(2016007,952),
(2016006,709),
(2016005,581),
(2016004,671),
(2016003,159),
(2016002,273),
(2016001,879),
(2015358,261),
(2015357,258),
(2015356,475),
(2015355,344),
(2015354,356),
(2015353,391),
(2015352,438),
(2015351,993),
(2015350,461),
(2015349,680),
(2015348,997),
(2015347,232),
(2015346,229),
(2015345,612),
(2015344,134),
(2015343,655),
(2015342,642),
(2015341,070),
(2015340,079),
(2015339,014),
(2015338,254),
(2015337,624),
(2015336,369),
(2015335,996),
(2015334,261),
(2015333,980),
(2015332,434),
(2015331,070),
(2015330,369),
(2015329,451),
(2015328,373),
(2015327,819),
(2015326,818),
(2015325,607),
(2015324,698),
(2015323,764),
(2015322,939),
(2015321,286),
(2015320,785),
(2015319,860),
(2015318,111),
(2015317,628),
(2015316,869),
(2015315,403),
(2015314,010),
(2015313,008),
(2015312,318),
(2015311,656),
(2015310,516),
(2015309,899),
(2015308,849),
(2015307,473),
(2015306,392),
(2015305,602),
(2015304,751),
(2015303,475),
(2015302,120),
(2015301,271),
(2015300,256),
(2015299,657),
(2015298,236),
(2015297,888),
(2015296,361),
(2015295,232),
(2015294,628),
(2015293,920),
(2015292,100),
(2015291,896),
(2015290,795),
(2015289,696),
(2015288,999),
(2015287,977),
(2015286,020),
(2015285,508),
(2015284,577),
(2015283,915),
(2015282,864),
(2015281,144),
(2015280,981),
(2015279,612),
(2015278,845),
(2015277,706),
(2015276,011),
(2015275,446),
(2015274,755),
(2015273,790),
(2015272,828),
(2015271,191),
(2015270,705),
(2015269,777),
(2015268,334),
(2015267,787),
(2015266,752),
(2015265,019),
(2015264,914),
(2015263,082),
(2015262,963),
(2015261,320),
(2015260,118),
(2015259,064),
(2015258,555),
(2015257,889),
(2015256,722),
(2015255,835),
(2015254,178),
(2015253,514),
(2015252,967),
(2015251,668),
(2015250,873),
(2015249,319),
(2015248,995),
(2015247,498),
(2015246,313),
(2015245,831),
(2015244,887),
(2015243,899),
(2015242,764),
(2015241,957),
(2015240,462),
(2015239,899),
(2015238,267),
(2015237,107),
(2015236,264),
(2015235,107),
(2015234,454),
(2015233,432),
(2015232,811),
(2015231,683),
(2015230,952),
(2015229,671),
(2015228,290),
(2015227,187),
(2015226,145),
(2015225,234),
(2015224,810),
(2015223,801),
(2015222,550),
(2015221,065),
(2015220,884),
(2015219,566),
(2015218,199),
(2015217,365),
(2015216,053),
(2015215,216),
(2015214,241),
(2015213,205),
(2015212,896),
(2015211,701),
(2015210,508),
(2015209,547),
(2015208,253),
(2015207,635),
(2015206,090),
(2015205,313),
(2015204,644),
(2015203,988),
(2015202,925),
(2015201,905),
(2015200,553),
(2015199,131),
(2015198,577),
(2015197,580),
(2015196,813),
(2015195,781),
(2015194,651),
(2015193,416),
(2015192,774),
(2015191,713),
(2015190,408),
(2015189,224),
(2015188,663),
(2015187,878),
(2015186,519),
(2015185,870),
(2015184,119),
(2015183,731),
(2015182,417),
(2015181,281),
(2015180,702),
(2015179,381),
(2015178,141),
(2015177,605),
(2015176,773),
(2015175,743),
(2015174,503),
(2015173,498),
(2015172,864),
(2015171,672),
(2015170,313),
(2015169,511),
(2015168,306),
(2015167,601),
(2015166,189),
(2015165,567),
(2015164,133),
(2015163,030),
(2015162,039),
(2015161,823),
(2015160,297),
(2015159,847),
(2015158,037),
(2015157,222),
(2015156,827),
(2015155,188),
(2015154,411),
(2015153,451),
(2015152,660),
(2015151,430),
(2015150,275),
(2015149,022),
(2015148,750),
(2015147,331),
(2015146,461),
(2015145,197),
(2015144,980),
(2015143,880),
(2015142,360),
(2015141,812),
(2015140,755),
(2015139,339),
(2015138,182),
(2015137,239),
(2015136,378),
(2015135,231),
(2015134,661),
(2015133,001),
(2015132,685),
(2015131,471),
(2015130,218),
(2015129,055),
(2015128,313),
(2015127,097),
(2015126,971),
(2015125,259),
(2015124,599),
(2015123,240),
(2015122,274),
(2015121,227),
(2015120,784),
(2015119,079),
(2015118,607),
(2015117,716),
(2015116,771),
(2015115,598),
(2015114,844),
(2015113,405),
(2015112,451),
(2015111,871),
(2015110,988),
(2015109,474),
(2015108,758),
(2015107,415),
(2015106,241),
(2015105,139),
(2015104,674),
(2015103,776),
(2015102,936),
(2015101,438),
(2015100,887),
(2015099,326),
(2015098,309),
(2015097,268),
(2015096,796),
(2015095,746),
(2015094,565),
(2015093,367),
(2015092,634),
(2015091,349),
(2015090,899),
(2015089,836),
(2015088,955),
(2015087,314),
(2015086,472),
(2015085,947),
(2015084,718),
(2015083,178),
(2015082,069),
(2015081,224),
(2015080,810),
(2015079,622),
(2015078,491),
(2015077,301),
(2015076,288),
(2015075,490),
(2015074,840),
(2015073,680),
(2015072,561),
(2015071,807),
(2015070,196),
(2015069,158),
(2015068,757),
(2015067,442),
(2015066,688),
(2015065,799),
(2015064,368),
(2015063,547),
(2015062,827),
(2015061,285),
(2015060,640),
(2015059,889),
(2015058,569),
(2015057,856),
(2015056,783),
(2015055,464),
(2015054,395),
(2015053,622),
(2015052,197),
(2015051,163),
(2015050,683),
(2015049,043),
(2015048,472),
(2015047,799),
(2015046,636),
(2015045,656),
(2015044,861),
(2015043,224),
(2015042,521),
(2015041,794),
(2015040,076),
(2015039,094),
(2015038,043),
(2015037,833),
(2015036,275),
(2015035,744),
(2015034,178),
(2015033,150),
(2015032,711),
(2015031,117),
(2015030,278),
(2015029,367),
(2015028,283),
(2015027,452),
(2015026,068),
(2015025,218),
(2015024,875),
(2015023,325),
(2015022,982),
(2015021,700),
(2015020,731),
(2015019,909),
(2015018,902),
(2015017,027),
(2015016,656),
(2015015,207),
(2015014,402),
(2015013,764),
(2015012,047),
(2015011,660),
(2015010,599),
(2015009,730),
(2015008,919),
(2015007,055),
(2015006,053),
(2015005,031),
(2015004,937),
(2015003,029),
(2015002,047),
(2015001,245),
(2014357,610),
(2014356,371),
(2014355,773),
(2014354,713),
(2014353,515),
(2014352,727),
(2014351,505),
(2014350,223),
(2014349,771),
(2014348,522),
(2014347,998),
(2014346,351),
(2014345,695),
(2014344,209),
(2014343,614),
(2014342,797),
(2014341,773),
(2014340,370),
(2014339,649),
(2014338,917),
(2014337,668),
(2014336,513),
(2014335,407),
(2014334,142),
(2014333,437),
(2014332,330),
(2014331,287),
(2014330,614),
(2014329,785),
(2014328,362),
(2014327,088),
(2014326,978),
(2014325,288),
(2014324,935),
(2014323,945),
(2014322,667),
(2014321,974),
(2014320,182),
(2014319,774),
(2014318,382),
(2014317,041),
(2014316,678),
(2014315,312),
(2014314,713),
(2014313,192),
(2014312,308),
(2014311,296),
(2014310,963),
(2014309,461),
(2014308,429),
(2014307,642),
(2014306,391),
(2014305,474),
(2014304,041),
(2014303,949),
(2014302,605),
(2014301,213),
(2014300,605),
(2014299,557),
(2014298,011),
(2014297,161),
(2014296,924),
(2014295,829),
(2014294,817),
(2014293,081),
(2014292,802),
(2014291,073),
(2014290,076),
(2014289,475),
(2014288,100),
(2014287,738),
(2014286,667),
(2014285,139),
(2014284,670),
(2014283,150),
(2014282,684),
(2014281,339),
(2014280,524),
(2014279,066),
(2014278,209),
(2014277,669),
(2014276,460),
(2014275,897),
(2014274,361),
(2014273,370),
(2014272,478),
(2014271,392),
(2014270,275),
(2014269,942),
(2014268,621),
(2014267,162),
(2014266,582),
(2014265,502),
(2014264,395),
(2014263,304),
(2014262,941),
(2014261,988),
(2014260,578),
(2014259,551),
(2014258,718),
(2014257,194),
(2014256,767),
(2014255,395),
(2014254,031),
(2014253,298),
(2014252,902),
(2014251,424),
(2014250,180),
(2014249,281),
(2014248,708),
(2014247,714),
(2014246,627),
(2014245,608),
(2014244,122),
(2014243,876),
(2014242,124),
(2014241,143),
(2014240,411),
(2014239,552),
(2014238,425),
(2014237,260),
(2014236,430),
(2014235,330),
(2014234,580),
(2014233,283),
(2014232,119),
(2014231,803),
(2014230,688),
(2014229,681),
(2014228,855),
(2014227,703),
(2014226,675),
(2014225,902),
(2014224,689),
(2014223,444),
(2014222,672),
(2014221,384),
(2014220,628),
(2014219,859),
(2014218,238),
(2014217,354),
(2014216,938),
(2014215,175),
(2014214,770),
(2014213,447),
(2014212,553),
(2014211,697),
(2014210,585),
(2014209,194),
(2014208,241),
(2014207,258),
(2014206,657),
(2014205,272),
(2014204,284),
(2014203,648),
(2014202,627),
(2014201,363),
(2014200,583),
(2014199,648),
(2014198,980),
(2014197,832),
(2014196,883),
(2014195,895),
(2014194,626),
(2014193,531),
(2014192,208),
(2014191,411),
(2014190,597),
(2014189,858),
(2014188,965),
(2014187,876),
(2014186,284),
(2014185,636),
(2014184,397),
(2014183,987),
(2014182,804),
(2014181,806),
(2014180,199),
(2014179,130),
(2014178,077),
(2014177,260),
(2014176,685),
(2014175,347),
(2014174,659),
(2014173,359),
(2014172,843),
(2014171,631),
(2014170,630),
(2014169,279),
(2014168,481),
(2014167,986),
(2014166,316),
(2014165,466),
(2014164,341),
(2014163,668),
(2014162,587),
(2014161,946),
(2014160,045),
(2014159,312),
(2014158,411),
(2014157,575),
(2014156,419),
(2014155,677),
(2014154,115),
(2014153,392),
(2014152,821),
(2014151,391),
(2014150,107),
(2014149,262),
(2014148,180),
(2014147,578),
(2014146,367),
(2014145,612),
(2014144,077),
(2014143,244),
(2014142,594),
(2014141,921),
(2014140,901),
(2014139,764),
(2014138,587),
(2014137,169),
(2014136,840),
(2014135,409),
(2014134,085),
(2014133,650),
(2014132,139),
(2014131,870),
(2014130,211),
(2014129,145),
(2014128,780),
(2014127,341),
(2014126,588),
(2014125,852),
(2014124,701),
(2014123,315),
(2014122,499),
(2014121,743),
(2014120,758),
(2014119,383),
(2014118,182),
(2014117,829),
(2014116,910),
(2014115,645),
(2014114,243),
(2014113,124),
(2014112,429),
(2014111,487),
(2014110,768),
(2014109,965),
(2014108,960),
(2014107,669),
(2014106,970),
(2014105,613),
(2014104,957),
(2014103,250),
(2014102,352),
(2014101,892),
(2014100,170),
(2014099,286),
(2014098,548),
(2014097,389),
(2014096,738),
(2014095,553),
(2014094,285),
(2014093,998),
(2014092,303),
(2014091,495),
(2014090,482),
(2014089,506),
(2014088,404),
(2014087,030),
(2014086,056),
(2014085,623),
(2014084,558),
(2014083,521),
(2014082,934),
(2014081,544),
(2014080,670),
(2014079,206),
(2014078,630),
(2014077,712),
(2014076,559),
(2014075,146),
(2014074,921),
(2014073,036),
(2014072,662),
(2014071,537),
(2014070,911),
(2014069,652),
(2014068,968),
(2014067,072),
(2014066,693),
(2014065,208),
(2014064,361),
(2014063,742),
(2014062,300),
(2014061,819),
(2014060,977),
(2014059,871),
(2014058,210),
(2014057,502),
(2014056,386),
(2014055,761),
(2014054,257),
(2014053,700),
(2014052,793),
(2014051,310),
(2014050,757),
(2014049,392),
(2014048,214),
(2014047,903),
(2014046,248),
(2014045,236),
(2014044,585),
(2014043,854),
(2014042,156),
(2014041,702),
(2014040,068),
(2014039,478),
(2014038,004),
(2014037,809),
(2014036,630),
(2014035,723),
(2014034,335),
(2014033,444),
(2014032,256),
(2014031,204),
(2014030,488),
(2014029,618),
(2014028,805),
(2014027,774),
(2014026,300),
(2014025,683),
(2014024,344),
(2014023,303),
(2014022,969),
(2014021,875),
(2014020,087),
(2014019,610),
(2014018,474),
(2014017,057),
(2014016,224),
(2014015,742),
(2014014,945),
(2014013,613),
(2014012,368),
(2014011,319),
(2014010,645),
(2014009,432),
(2014008,590),
(2014007,283),
(2014006,992),
(2014005,755),
(2014004,955),
(2014003,643),
(2014002,634),
(2014001,687),
(2013358,968),
(2013357,320),
(2013356,164),
(2013355,293),
(2013354,024),
(2013353,185),
(2013352,176),
(2013351,726),
(2013350,322),
(2013349,524),
(2013348,574),
(2013347,554),
(2013346,019),
(2013345,072),
(2013344,149),
(2013343,776),
(2013342,899),
(2013341,980),
(2013340,805),
(2013339,867),
(2013338,517),
(2013337,030),
(2013336,423),
(2013335,008),
(2013334,680),
(2013333,789),
(2013332,423),
(2013331,224),
(2013330,004),
(2013329,529),
(2013328,957),
(2013327,405),
(2013326,233),
(2013325,863),
(2013324,167),
(2013323,114),
(2013322,648),
(2013321,987),
(2013320,573),
(2013319,460),
(2013318,244),
(2013317,197),
(2013316,088),
(2013315,899),
(2013314,711),
(2013313,898),
(2013312,784),
(2013311,358),
(2013310,271),
(2013309,982),
(2013308,378),
(2013307,694),
(2013306,291),
(2013305,860),
(2013304,212),
(2013303,289),
(2013302,882),
(2013301,776),
(2013300,383),
(2013299,207),
(2013298,732),
(2013297,803),
(2013296,943),
(2013295,342),
(2013294,198),
(2013293,956),
(2013292,093),
(2013291,667),
(2013290,323),
(2013289,740),
(2013288,748),
(2013287,200),
(2013286,192),
(2013285,165),
(2013284,169),
(2013283,547),
(2013282,846),
(2013281,005),
(2013280,194),
(2013279,409),
(2013278,134),
(2013277,393),
(2013276,954),
(2013275,250),
(2013274,600),
(2013273,568),
(2013272,309),
(2013271,385),
(2013270,295),
(2013269,166),
(2013268,414),
(2013267,051),
(2013266,552),
(2013265,373),
(2013264,748),
(2013263,681),
(2013262,643),
(2013261,227),
(2013260,626),
(2013259,413),
(2013258,055),
(2013257,398),
(2013256,598),
(2013255,295),
(2013254,956),
(2013253,683),
(2013252,573),
(2013251,753),
(2013250,904),
(2013249,307),
(2013248,115),
(2013247,559),
(2013246,906),
(2013245,742),
(2013244,393),
(2013243,361),
(2013242,528),
(2013241,718),
(2013240,569),
(2013239,091),
(2013238,117),
(2013237,874),
(2013236,714),
(2013235,625),
(2013234,846),
(2013233,367),
(2013232,441),
(2013231,468),
(2013230,962),
(2013229,003),
(2013228,410),
(2013227,427),
(2013226,550),
(2013225,884),
(2013224,579),
(2013223,811),
(2013222,260),
(2013221,999),
(2013220,630),
(2013219,232),
(2013218,112),
(2013217,965),
(2013216,383),
(2013215,157),
(2013214,826),
(2013213,660),
(2013212,082),
(2013211,749),
(2013210,139),
(2013209,928),
(2013208,044),
(2013207,473),
(2013206,493),
(2013205,798),
(2013204,506),
(2013203,300),
(2013202,603),
(2013201,498),
(2013200,573),
(2013199,814),
(2013198,566),
(2013197,115),
(2013196,100),
(2013195,398),
(2013194,806),
(2013193,493),
(2013192,170),
(2013191,315),
(2013190,719),
(2013189,026),
(2013188,020),
(2013187,188),
(2013186,170),
(2013185,916),
(2013184,487),
(2013183,693),
(2013182,944),
(2013181,248),
(2013180,642),
(2013179,368),
(2013178,927),
(2013177,169),
(2013176,307),
(2013175,185),
(2013174,714),
(2013173,506),
(2013172,406),
(2013171,890),
(2013170,128),
(2013169,344),
(2013168,556),
(2013167,242),
(2013166,042),
(2013165,300),
(2013164,732),
(2013163,104),
(2013162,292),
(2013161,537),
(2013160,210),
(2013159,098),
(2013158,613),
(2013157,383),
(2013156,775),
(2013155,296),
(2013154,349),
(2013153,288),
(2013152,149),
(2013151,943),
(2013150,736),
(2013149,452),
(2013148,825),
(2013147,843),
(2013146,464),
(2013145,389),
(2013144,890),
(2013143,060),
(2013142,930),
(2013141,782),
(2013140,592),
(2013139,907),
(2013138,579),
(2013137,627),
(2013136,231),
(2013135,850),
(2013134,228),
(2013133,329),
(2013132,155),
(2013131,798),
(2013130,991),
(2013129,020),
(2013128,849),
(2013127,667),
(2013126,410),
(2013125,510),
(2013124,963),
(2013123,832),
(2013122,465),
(2013121,073),
(2013120,569),
(2013119,451),
(2013118,393),
(2013117,808),
(2013116,407),
(2013115,901),
(2013114,171),
(2013113,836),
(2013112,996),
(2013111,466),
(2013110,418),
(2013109,167),
(2013108,343),
(2013107,985),
(2013106,492),
(2013105,484),
(2013104,014),
(2013103,203),
(2013102,536),
(2013101,921),
(2013100,338),
(2013099,450),
(2013098,759),
(2013097,792),
(2013096,039),
(2013095,215),
(2013094,028),
(2013093,737),
(2013092,632),
(2013091,137),
(2013090,955),
(2013089,192),
(2013088,381),
(2013087,034),
(2013086,895),
(2013085,693),
(2013084,721),
(2013083,602),
(2013082,249),
(2013081,857),
(2013080,466),
(2013079,780),
(2013078,032),
(2013077,184),
(2013076,174),
(2013075,617),
(2013074,288),
(2013073,222),
(2013072,831),
(2013071,360),
(2013070,235),
(2013069,115),
(2013068,770),
(2013067,832),
(2013066,041),
(2013065,328),
(2013064,176),
(2013063,641),
(2013062,669),
(2013061,675),
(2013060,549),
(2013059,251),
(2013058,082),
(2013057,243),
(2013056,139),
(2013055,456),
(2013054,497),
(2013053,564),
(2013052,556),
(2013051,676),
(2013050,556),
(2013049,636),
(2013048,290),
(2013047,784),
(2013046,966),
(2013045,039),
(2013044,318),
(2013043,536),
(2013042,496),
(2013041,851),
(2013040,549),
(2013039,639),
(2013038,640),
(2013037,364),
(2013036,658),
(2013035,632),
(2013034,330),
(2013033,277),
(2013032,849),
(2013031,762),
(2013030,732),
(2013029,149),
(2013028,113),
(2013027,308),
(2013026,857),
(2013025,540),
(2013024,268),
(2013023,807),
(2013022,250),
(2013021,918),
(2013020,929),
(2013019,866),
(2013018,347),
(2013017,380),
(2013016,038),
(2013015,228),
(2013014,417),
(2013013,922),
(2013012,688),
(2013011,209),
(2013010,632),
(2013009,921),
(2013008,556),
(2013007,147),
(2013006,457),
(2013005,622),
(2013004,760),
(2013003,166),
(2013002,670),
(2013001,203),
(2012359,309),
(2012358,554),
(2012357,194),
(2012356,546),
(2012355,636),
(2012354,779),
(2012353,823),
(2012352,123),
(2012351,035),
(2012350,676),
(2012349,266),
(2012348,851),
(2012347,576),
(2012346,992),
(2012345,896),
(2012344,293),
(2012343,296),
(2012342,373),
(2012341,204),
(2012340,046),
(2012339,294),
(2012338,097),
(2012337,576),
(2012336,250),
(2012335,493),
(2012334,006),
(2012333,744),
(2012332,523),
(2012331,382),
(2012330,534),
(2012329,595),
(2012328,644),
(2012327,310),
(2012326,814),
(2012325,656),
(2012324,114),
(2012323,889),
(2012322,524),
(2012321,936),
(2012320,428),
(2012319,286),
(2012318,110),
(2012317,315),
(2012316,709),
(2012315,371),
(2012314,181),
(2012313,743),
(2012312,831),
(2012311,743),
(2012310,899),
(2012309,071),
(2012308,921),
(2012307,974),
(2012306,057),
(2012305,042),
(2012304,150),
(2012303,764),
(2012302,317),
(2012301,706),
(2012300,539),
(2012299,925),
(2012298,408),
(2012297,156),
(2012296,407),
(2012295,103),
(2012294,005),
(2012293,061),
(2012292,646),
(2012291,199),
(2012290,099),
(2012289,034),
(2012288,094),
(2012287,271),
(2012286,304),
(2012285,997),
(2012284,756),
(2012283,166),
(2012282,866),
(2012281,438),
(2012280,718),
(2012279,538),
(2012278,021),
(2012277,994),
(2012276,468),
(2012275,447),
(2012274,267),
(2012273,667),
(2012272,989),
(2012271,140),
(2012270,992),
(2012269,625),
(2012268,339),
(2012267,343),
(2012266,181),
(2012265,419),
(2012264,797),
(2012263,799),
(2012262,869),
(2012261,401),
(2012260,442),
(2012259,340),
(2012258,913),
(2012257,773),
(2012256,694),
(2012255,132),
(2012254,203),
(2012253,466),
(2012252,670),
(2012251,195),
(2012250,023),
(2012249,412),
(2012248,690),
(2012247,514),
(2012246,578),
(2012245,749),
(2012244,936),
(2012243,237),
(2012242,572),
(2012241,247),
(2012240,167),
(2012239,810),
(2012238,307),
(2012237,739),
(2012236,332),
(2012235,422),
(2012234,418),
(2012233,897),
(2012232,708),
(2012231,908),
(2012230,333),
(2012229,149),
(2012228,108),
(2012227,485),
(2012226,879),
(2012225,652),
(2012224,573),
(2012223,093),
(2012222,099),
(2012221,351),
(2012220,098),
(2012219,152),
(2012218,565),
(2012217,253),
(2012216,873),
(2012215,284),
(2012214,965),
(2012213,297),
(2012212,547),
(2012211,843),
(2012210,393),
(2012209,641),
(2012208,613),
(2012207,030),
(2012206,265),
(2012205,295),
(2012204,108),
(2012203,583),
(2012202,398),
(2012201,803),
(2012200,632),
(2012199,503),
(2012198,619),
(2012197,639),
(2012196,877),
(2012195,626),
(2012194,346),
(2012193,944),
(2012192,928),
(2012191,558),
(2012190,964),
(2012189,083),
(2012188,252),
(2012187,484),
(2012186,247),
(2012185,309),
(2012184,921),
(2012183,245),
(2012182,861),
(2012181,847),
(2012180,277),
(2012179,921),
(2012178,127),
(2012177,694),
(2012176,327),
(2012175,976),
(2012174,875),
(2012173,887),
(2012172,769),
(2012171,242),
(2012170,661),
(2012169,012),
(2012168,405),
(2012167,212),
(2012166,112),
(2012165,364),
(2012164,651),
(2012163,643),
(2012162,832),
(2012161,369),
(2012160,962),
(2012159,543),
(2012158,162),
(2012157,015),
(2012156,862),
(2012155,267),
(2012154,843),
(2012153,746),
(2012152,802),
(2012151,140),
(2012150,828),
(2012149,031),
(2012148,732),
(2012147,502),
(2012146,197),
(2012145,628),
(2012144,923),
(2012143,185),
(2012142,349),
(2012141,214),
(2012140,390),
(2012139,036),
(2012138,537),
(2012137,517),
(2012136,748),
(2012135,987),
(2012134,698),
(2012133,347),
(2012132,659),
(2012131,527),
(2012130,290),
(2012129,368),
(2012128,431),
(2012127,985),
(2012126,507),
(2012125,143),
(2012124,108),
(2012123,234),
(2012122,585),
(2012121,694),
(2012120,436),
(2012119,100),
(2012118,518),
(2012117,665),
(2012116,339),
(2012115,086),
(2012114,850),
(2012113,070),
(2012112,383),
(2012111,810),
(2012110,645),
(2012109,120),
(2012108,758),
(2012107,728),
(2012106,436),
(2012105,382),
(2012104,990),
(2012103,301),
(2012102,077),
(2012101,695),
(2012100,413),
(2012099,405),
(2012098,996),
(2012097,861),
(2012096,870),
(2012095,588),
(2012094,668),
(2012093,002),
(2012092,553),
(2012091,220),
(2012090,549),
(2012089,080),
(2012088,363),
(2012087,544),
(2012086,973),
(2012085,912),
(2012084,618),
(2012083,116),
(2012082,325),
(2012081,922),
(2012080,482),
(2012079,457),
(2012078,122),
(2012077,388),
(2012076,606),
(2012075,537),
(2012074,841),
(2012073,069),
(2012072,795),
(2012071,759),
(2012070,757),
(2012069,693),
(2012068,856),
(2012067,193),
(2012066,648),
(2012065,775),
(2012064,478),
(2012063,128),
(2012062,023),
(2012061,763),
(2012060,492),
(2012059,269),
(2012058,096),
(2012057,608),
(2012056,607),
(2012055,712),
(2012054,103),
(2012053,663),
(2012052,355),
(2012051,302),
(2012050,035),
(2012049,808),
(2012048,875),
(2012047,642),
(2012046,493),
(2012045,026),
(2012044,723),
(2012043,525),
(2012042,001),
(2012041,664),
(2012040,470),
(2012039,757),
(2012038,032),
(2012037,978),
(2012036,287),
(2012035,369),
(2012034,465),
(2012033,865),
(2012032,421),
(2012031,195),
(2012030,982),
(2012029,100),
(2012028,731),
(2012027,263),
(2012026,746),
(2012025,755),
(2012024,997),
(2012023,633),
(2012022,425),
(2012021,967),
(2012020,446),
(2012019,045),
(2012018,030),
(2012017,538),
(2012016,749),
(2012015,180),
(2012014,637),
(2012013,317),
(2012012,224),
(2012011,315),
(2012010,594),
(2012009,166),
(2012008,497),
(2012007,880),
(2012006,882),
(2012005,135),
(2012004,960),
(2012003,750),
(2012002,209),
(2012001,309),
(2011358,254),
(2011357,193),
(2011356,917),
(2011355,488),
(2011354,489),
(2011353,012),
(2011352,589),
(2011351,145),
(2011350,368),
(2011349,781),
(2011348,772),
(2011347,533),
(2011346,993),
(2011345,580),
(2011344,908),
(2011343,920),
(2011342,333),
(2011341,961),
(2011340,045),
(2011339,613),
(2011338,808),
(2011337,724),
(2011336,541),
(2011335,762),
(2011334,783),
(2011333,246),
(2011332,805),
(2011331,934),
(2011330,890),
(2011329,838),
(2011328,619),
(2011327,791),
(2011326,381),
(2011325,385),
(2011324,436),
(2011323,724),
(2011322,220),
(2011321,944),
(2011320,442),
(2011319,443),
(2011318,116),
(2011317,134),
(2011316,933),
(2011315,330),
(2011314,708),
(2011313,180),
(2011312,068),
(2011311,539),
(2011310,469),
(2011309,268),
(2011308,433),
(2011307,261),
(2011306,754),
(2011305,010),
(2011304,350),
(2011303,385),
(2011302,171),
(2011301,947),
(2011300,838),
(2011299,567),
(2011298,872),
(2011297,042),
(2011296,766),
(2011295,624),
(2011294,717),
(2011293,098),
(2011292,961),
(2011291,310),
(2011290,240),
(2011289,455),
(2011288,422),
(2011287,429),
(2011286,531),
(2011285,632),
(2011284,902),
(2011283,436),
(2011282,753),
(2011281,481),
(2011280,567),
(2011279,241),
(2011278,087),
(2011277,265),
(2011276,509),
(2011275,360),
(2011274,342),
(2011273,416),
(2011272,643),
(2011271,355),
(2011270,139),
(2011269,399),
(2011268,599),
(2011267,501),
(2011266,248),
(2011265,080),
(2011264,499),
(2011263,928),
(2011262,525),
(2011261,189),
(2011260,628),
(2011259,365),
(2011258,442),
(2011257,818),
(2011256,214),
(2011255,068),
(2011254,497),
(2011253,560),
(2011252,808),
(2011251,251),
(2011250,770),
(2011249,358),
(2011248,370),
(2011247,684),
(2011246,650),
(2011245,080),
(2011244,716),
(2011243,866),
(2011242,697),
(2011241,868),
(2011240,975),
(2011239,787),
(2011238,301),
(2011237,662),
(2011236,634),
(2011235,056),
(2011234,211),
(2011233,002),
(2011232,452),
(2011231,827),
(2011230,936),
(2011229,176),
(2011228,820),
(2011227,084),
(2011226,242),
(2011225,863),
(2011224,610),
(2011223,345),
(2011222,713),
(2011221,069),
(2011220,999),
(2011219,485),
(2011218,648),
(2011217,618),
(2011216,969),
(2011215,457),
(2011214,911),
(2011213,109),
(2011212,862),
(2011211,779),
(2011210,540),
(2011209,992),
(2011208,439),
(2011207,699),
(2011206,144),
(2011205,341),
(2011204,127),
(2011203,017),
(2011202,750),
(2011201,348),
(2011200,552),
(2011199,263),
(2011198,985),
(2011197,638),
(2011196,415),
(2011195,385),
(2011194,210),
(2011193,868),
(2011192,746),
(2011191,351),
(2011190,464),
(2011189,472),
(2011188,430),
(2011187,931),
(2011186,242),
(2011185,767),
(2011184,209),
(2011183,341),
(2011182,353),
(2011181,918),
(2011180,804),
(2011179,170),
(2011178,145),
(2011177,697),
(2011176,905),
(2011175,262),
(2011174,412),
(2011173,763),
(2011172,227),
(2011171,725),
(2011170,157),
(2011169,922),
(2011168,017),
(2011167,941),
(2011166,454),
(2011165,162),
(2011164,704),
(2011163,635),
(2011162,573),
(2011161,371),
(2011160,510),
(2011159,769),
(2011158,608),
(2011157,582),
(2011156,212),
(2011155,256),
(2011154,682),
(2011153,456),
(2011152,721),
(2011151,541),
(2011150,773),
(2011149,926),
(2011148,439),
(2011147,163),
(2011146,500),
(2011145,494),
(2011144,644),
(2011143,058),
(2011142,789),
(2011141,915),
(2011140,819),
(2011139,265),
(2011138,475),
(2011137,958),
(2011136,559),
(2011135,809),
(2011134,225),
(2011133,016),
(2011132,418),
(2011131,454),
(2011130,038),
(2011129,082),
(2011128,691),
(2011127,467),
(2011126,055),
(2011125,006),
(2011124,791),
(2011123,769),
(2011122,555),
(2011121,220),
(2011120,759),
(2011119,083),
(2011118,727),
(2011117,358),
(2011116,178),
(2011115,827),
(2011114,628),
(2011113,294),
(2011112,574),
(2011111,523),
(2011110,247),
(2011109,920),
(2011108,788),
(2011107,907),
(2011106,158),
(2011105,927),
(2011104,329),
(2011103,666),
(2011102,329),
(2011101,886),
(2011100,714),
(2011099,652),
(2011098,022),
(2011097,429),
(2011096,006),
(2011095,784),
(2011094,849),
(2011093,369),
(2011092,431),
(2011091,315),
(2011090,796),
(2011089,219),
(2011088,342),
(2011087,194),
(2011086,368),
(2011085,337),
(2011084,721),
(2011083,868),
(2011082,491),
(2011081,100),
(2011080,648),
(2011079,785),
(2011078,246),
(2011077,206),
(2011076,746),
(2011075,287),
(2011074,087),
(2011073,172),
(2011072,428),
(2011071,782),
(2011070,334),
(2011069,753),
(2011068,108),
(2011067,544),
(2011066,809),
(2011065,420),
(2011064,725),
(2011063,806),
(2011062,160),
(2011061,843),
(2011060,528),
(2011059,960),
(2011058,062),
(2011057,030),
(2011056,940),
(2011055,742),
(2011054,518),
(2011053,278),
(2011052,057),
(2011051,281),
(2011050,316),
(2011049,730),
(2011048,458),
(2011047,954),
(2011046,816),
(2011045,224),
(2011044,456),
(2011043,133),
(2011042,208),
(2011041,286),
(2011040,958),
(2011039,784),
(2011038,404),
(2011037,063),
(2011036,350),
(2011035,219),
(2011034,200),
(2011033,106),
(2011032,265),
(2011031,937),
(2011030,013),
(2011029,679),
(2011028,347),
(2011027,677),
(2011026,591),
(2011025,546),
(2011024,388),
(2011023,777),
(2011022,782),
(2011021,215),
(2011020,164),
(2011019,358),
(2011018,141),
(2011017,813),
(2011016,777),
(2011015,809),
(2011014,277),
(2011013,879),
(2011012,587),
(2011011,635),
(2011010,573),
(2011009,176),
(2011008,982),
(2011007,285),
(2011006,242),
(2011005,571),
(2011004,640),
(2011003,937),
(2011002,726),
(2011001,142),
(2010358,228),
(2010357,510),
(2010356,869),
(2010355,804),
(2010354,537),
(2010353,085),
(2010352,295),
(2010351,245),
(2010350,194),
(2010349,638),
(2010348,097),
(2010347,469),
(2010346,033),
(2010345,020),
(2010344,703),
(2010343,146),
(2010342,794),
(2010341,917),
(2010340,302),
(2010339,040),
(2010338,693),
(2010337,921),
(2010336,568),
(2010335,296),
(2010334,447),
(2010333,805),
(2010332,743),
(2010331,726),
(2010330,378),
(2010329,594),
(2010328,094),
(2010327,506),
(2010326,006),
(2010325,809),
(2010324,298),
(2010323,280),
(2010322,578),
(2010321,608),
(2010320,345),
(2010319,605),
(2010318,050),
(2010317,670),
(2010316,111),
(2010315,855),
(2010314,573),
(2010313,586),
(2010312,970),
(2010311,371),
(2010310,017),
(2010309,377),
(2010308,498),
(2010307,442),
(2010306,642),
(2010305,513),
(2010304,340),
(2010303,449),
(2010302,621),
(2010301,965),
(2010300,084),
(2010299,216),
(2010298,975),
(2010297,374),
(2010296,713),
(2010295,798),
(2010294,090),
(2010293,074),
(2010292,291),
(2010291,129),
(2010290,770),
(2010289,771),
(2010288,916),
(2010287,071),
(2010286,501),
(2010285,016),
(2010284,140),
(2010283,303),
(2010282,144),
(2010281,551),
(2010280,199),
(2010279,407),
(2010278,127),
(2010277,016),
(2010276,665),
(2010275,686),
(2010274,794),
(2010273,815),
(2010272,320),
(2010271,660),
(2010270,897),
(2010269,270),
(2010268,419),
(2010267,036),
(2010266,743),
(2010265,199),
(2010264,178),
(2010263,413),
(2010262,240),
(2010261,794),
(2010260,823),
(2010259,162),
(2010258,557),
(2010257,021),
(2010256,775),
(2010255,914),
(2010254,945),
(2010253,945),
(2010252,665),
(2010251,340),
(2010250,267),
(2010249,692),
(2010248,463),
(2010247,075),
(2010246,535),
(2010245,043),
(2010244,457),
(2010243,280),
(2010242,803),
(2010241,612),
(2010240,402),
(2010239,901),
(2010238,171),
(2010237,175),
(2010236,671),
(2010235,007),
(2010234,354),
(2010233,575),
(2010232,379),
(2010231,613),
(2010230,248),
(2010229,764),
(2010228,519),
(2010227,259),
(2010226,434),
(2010225,068),
(2010224,252),
(2010223,744),
(2010222,130),
(2010221,478),
(2010220,672),
(2010219,748),
(2010218,715),
(2010217,642),
(2010216,688),
(2010215,878),
(2010214,666),
(2010213,720),
(2010212,097),
(2010211,249),
(2010210,828),
(2010209,801),
(2010208,248),
(2010207,468),
(2010206,838),
(2010205,132),
(2010204,535),
(2010203,485),
(2010202,041),
(2010201,700),
(2010200,493),
(2010199,486),
(2010198,312),
(2010197,787),
(2010196,948),
(2010195,650),
(2010194,277),
(2010193,623),
(2010192,168),
(2010191,432),
(2010190,935),
(2010189,674),
(2010188,247),
(2010187,019),
(2010186,701),
(2010185,427),
(2010184,837),
(2010183,350),
(2010182,266),
(2010181,379),
(2010180,526),
(2010179,760),
(2010178,176),
(2010177,289),
(2010176,001),
(2010175,345),
(2010174,756),
(2010173,062),
(2010172,147),
(2010171,119),
(2010170,059),
(2010169,861),
(2010168,898),
(2010167,528),
(2010166,503),
(2010165,057),
(2010164,022),
(2010163,820),
(2010162,450),
(2010161,310),
(2010160,161),
(2010159,056),
(2010158,332),
(2010157,852),
(2010156,836),
(2010155,286),
(2010154,207),
(2010153,000),
(2010152,882),
(2010151,304),
(2010150,641),
(2010149,637),
(2010148,268),
(2010147,106),
(2010146,135),
(2010145,667),
(2010144,337),
(2010143,776),
(2010142,232),
(2010141,190),
(2010140,810),
(2010139,156),
(2010138,873),
(2010137,954),
(2010136,076),
(2010135,634),
(2010134,879),
(2010133,086),
(2010132,591),
(2010131,761),
(2010130,020),
(2010129,929),
(2010128,082),
(2010127,077),
(2010126,827),
(2010125,019),
(2010124,743),
(2010123,235),
(2010122,768),
(2010121,056),
(2010120,855),
(2010119,941),
(2010118,105),
(2010117,749),
(2010116,643),
(2010115,938),
(2010114,409),
(2010113,414),
(2010112,263),
(2010111,185),
(2010110,763),
(2010109,027),
(2010108,841),
(2010107,232),
(2010106,342),
(2010105,190),
(2010104,465),
(2010103,081),
(2010102,872),
(2010101,257),
(2010100,732),
(2010099,217),
(2010098,242),
(2010097,893),
(2010096,760),
(2010095,338),
(2010094,848),
(2010093,144),
(2010092,228),
(2010091,913),
(2010090,954),
(2010089,149),
(2010088,470),
(2010087,671),
(2010086,383),
(2010085,972),
(2010084,559),
(2010083,476),
(2010082,719),
(2010081,975),
(2010080,568),
(2010079,843),
(2010078,114),
(2010077,176),
(2010076,349),
(2010075,407),
(2010074,010),
(2010073,932),
(2010072,822),
(2010071,949),
(2010070,174),
(2010069,101),
(2010068,125),
(2010067,305),
(2010066,213),
(2010065,943),
(2010064,706),
(2010063,784),
(2010062,513),
(2010061,397),
(2010060,290),
(2010059,181),
(2010058,023),
(2010057,317),
(2010056,759),
(2010055,131),
(2010054,113),
(2010053,494),
(2010052,065),
(2010051,465),
(2010050,314),
(2010049,423),
(2010048,516),
(2010047,093),
(2010046,796),
(2010045,988),
(2010044,821),
(2010043,357),
(2010042,214),
(2010041,538),
(2010040,072),
(2010039,882),
(2010038,041),
(2010037,474),
(2010036,903),
(2010035,927),
(2010034,075),
(2010033,974),
(2010032,393),
(2010031,514),
(2010030,394),
(2010029,910),
(2010028,740),
(2010027,353),
(2010026,677),
(2010025,858),
(2010024,773),
(2010023,528),
(2010022,217),
(2010021,714),
(2010020,924),
(2010019,260),
(2010018,829),
(2010017,483),
(2010016,111),
(2010015,827),
(2010014,196),
(2010013,969),
(2010012,426),
(2010011,115),
(2010010,875),
(2010009,109),
(2010008,397),
(2010007,281),
(2010006,560),
(2010005,927),
(2010004,496),
(2010003,610),
(2010002,938),
(2010001,591),
(2009358,670),
(2009357,837),
(2009356,712),
(2009355,566),
(2009354,454),
(2009353,308),
(2009352,374),
(2009351,645),
(2009350,052),
(2009349,721),
(2009348,578),
(2009347,016),
(2009346,603),
(2009345,691),
(2009344,292),
(2009343,876),
(2009342,587),
(2009341,654),
(2009340,159),
(2009339,638),
(2009338,634),
(2009337,752),
(2009336,918),
(2009335,877),
(2009334,519),
(2009333,336),
(2009332,897),
(2009331,915),
(2009330,607),
(2009329,844),
(2009328,402),
(2009327,554),
(2009326,950),
(2009325,879),
(2009324,942),
(2009323,003),
(2009322,827),
(2009321,081),
(2009320,692),
(2009319,633),
(2009318,607),
(2009317,480),
(2009316,073),
(2009315,581),
(2009314,789),
(2009313,663),
(2009312,817),
(2009311,789),
(2009310,965),
(2009309,818),
(2009308,030),
(2009307,551),
(2009306,583),
(2009305,640),
(2009304,552),
(2009303,610),
(2009302,849),
(2009301,669),
(2009300,744),
(2009299,880),
(2009298,310),
(2009297,729),
(2009296,591),
(2009295,672),
(2009294,960),
(2009293,779),
(2009292,374),
(2009291,879),
(2009290,004),
(2009289,344),
(2009288,490),
(2009287,056),
(2009286,349),
(2009285,911),
(2009284,654),
(2009283,161),
(2009282,850),
(2009281,459),
(2009280,956),
(2009279,684),
(2009278,367),
(2009277,940),
(2009276,608),
(2009275,615),
(2009274,593),
(2009273,095),
(2009272,566),
(2009271,335),
(2009270,759),
(2009269,430),
(2009268,480),
(2009267,937),
(2009266,894),
(2009265,869),
(2009264,345),
(2009263,292),
(2009262,790),
(2009261,398),
(2009260,423),
(2009259,666),
(2009258,549),
(2009257,839),
(2009256,860),
(2009255,906),
(2009254,008),
(2009253,707),
(2009252,399),
(2009251,587),
(2009250,319),
(2009249,550),
(2009248,412),
(2009247,804),
(2009246,751),
(2009245,454),
(2009244,423),
(2009243,695),
(2009242,156),
(2009241,773),
(2009240,299),
(2009239,173),
(2009238,963),
(2009237,844),
(2009236,323),
(2009235,063),
(2009234,073),
(2009233,807),
(2009232,438),
(2009231,127),
(2009230,772),
(2009229,597),
(2009228,738),
(2009227,244),
(2009226,457),
(2009225,438),
(2009224,176),
(2009223,740),
(2009222,761),
(2009221,856),
(2009220,317),
(2009219,822),
(2009218,061),
(2009217,685),
(2009216,648),
(2009215,318),
(2009214,239),
(2009213,567),
(2009212,642),
(2009211,681),
(2009210,304),
(2009209,154),
(2009208,013),
(2009207,367),
(2009206,284),
(2009205,083),
(2009204,062),
(2009203,830),
(2009202,230),
(2009201,188),
(2009200,823),
(2009199,612),
(2009198,298),
(2009197,889),
(2009196,468),
(2009195,279),
(2009194,214),
(2009193,348),
(2009192,669),
(2009191,640),
(2009190,534),
(2009189,281),
(2009188,911),
(2009187,510),
(2009186,017),
(2009185,845),
(2009184,623),
(2009183,696),
(2009182,288),
(2009181,500),
(2009180,035),
(2009179,362),
(2009178,247),
(2009177,059),
(2009176,551),
(2009175,586),
(2009174,965),
(2009173,713),
(2009172,919),
(2009171,200),
(2009170,446),
(2009169,475),
(2009168,565),
(2009167,817),
(2009166,209),
(2009165,354),
(2009164,147),
(2009163,838),
(2009162,995),
(2009161,048),
(2009160,627),
(2009159,037),
(2009158,139),
(2009157,508),
(2009156,841),
(2009155,188),
(2009154,351),
(2009153,389),
(2009152,572),
(2009151,453),
(2009150,719),
(2009149,063),
(2009148,831),
(2009147,566),
(2009146,714),
(2009145,110),
(2009144,097),
(2009143,221),
(2009142,218),
(2009141,938),
(2009140,731),
(2009139,412),
(2009138,890),
(2009137,302),
(2009136,570),
(2009135,722),
(2009134,986),
(2009133,419),
(2009132,832),
(2009131,373),
(2009130,269),
(2009129,056),
(2009128,974),
(2009127,539),
(2009126,736),
(2009125,644),
(2009124,223),
(2009123,992),
(2009122,431),
(2009121,181),
(2009120,301),
(2009119,146),
(2009118,663),
(2009117,505),
(2009116,192),
(2009115,048),
(2009114,359),
(2009113,705),
(2009112,477),
(2009111,645),
(2009110,603),
(2009109,832),
(2009108,207),
(2009107,985),
(2009106,580),
(2009105,691),
(2009104,515),
(2009103,730),
(2009102,197),
(2009101,485),
(2009100,585),
(2009099,436),
(2009098,937),
(2009097,474),
(2009096,402),
(2009095,792),
(2009094,290),
(2009093,069),
(2009092,085),
(2009091,851),
(2009090,003),
(2009089,046),
(2009088,809),
(2009087,821),
(2009086,161),
(2009085,852),
(2009084,076),
(2009083,877),
(2009082,376),
(2009081,456),
(2009080,530),
(2009079,892),
(2009078,558),
(2009077,576),
(2009076,988),
(2009075,999),
(2009074,328),
(2009073,303),
(2009072,821),
(2009071,047),
(2009070,351),
(2009069,085),
(2009068,718),
(2009067,016),
(2009066,665),
(2009065,055),
(2009064,661),
(2009063,994),
(2009062,443),
(2009061,207),
(2009060,774),
(2009059,359),
(2009058,208),
(2009057,658),
(2009056,652),
(2009055,567),
(2009054,698),
(2009053,645),
(2009052,389),
(2009051,416),
(2009050,508),
(2009049,834),
(2009048,939),
(2009047,393),
(2009046,989),
(2009045,375),
(2009044,737),
(2009043,268),
(2009042,140),
(2009041,968),
(2009040,440),
(2009039,897),
(2009038,540),
(2009037,147),
(2009036,236),
(2009035,514),
(2009034,767),
(2009033,444),
(2009032,194),
(2009031,529),
(2009030,785),
(2009029,918),
(2009028,506),
(2009027,298),
(2009026,384),
(2009025,141),
(2009024,429),
(2009023,344),
(2009022,358),
(2009021,135),
(2009020,328),
(2009019,514),
(2009018,334),
(2009017,740),
(2009016,304),
(2009015,869),
(2009014,434),
(2009013,626),
(2009012,157),
(2009011,403),
(2009010,397),
(2009009,047),
(2009008,196),
(2009007,916),
(2009006,037),
(2009005,499),
(2009004,951),
(2009003,438),
(2009002,754),
(2009001,671),
(2008359,927),
(2008358,159),
(2008357,475),
(2008356,363),
(2008355,820),
(2008354,801),
(2008353,813),
(2008352,632),
(2008351,055),
(2008350,364),
(2008349,400),
(2008348,014),
(2008347,807),
(2008346,982),
(2008345,393),
(2008344,119),
(2008343,541),
(2008342,368),
(2008341,699),
(2008340,342),
(2008339,452),
(2008338,071),
(2008337,915),
(2008336,687),
(2008335,187),
(2008334,736),
(2008333,398),
(2008332,433),
(2008331,368),
(2008330,007),
(2008329,052),
(2008328,440),
(2008327,213),
(2008326,502),
(2008325,811),
(2008324,991),
(2008323,106),
(2008322,355),
(2008321,535),
(2008320,053),
(2008319,003),
(2008318,096),
(2008317,000),
(2008316,493),
(2008315,548),
(2008314,518),
(2008313,178),
(2008312,633),
(2008311,518),
(2008310,967),
(2008309,867),
(2008308,172),
(2008307,843),
(2008306,764),
(2008305,679),
(2008304,525),
(2008303,971),
(2008302,424),
(2008301,294),
(2008300,794),
(2008299,104),
(2008298,107),
(2008297,749),
(2008296,320),
(2008295,808),
(2008294,835),
(2008293,905),
(2008292,819),
(2008291,997),
(2008290,144),
(2008289,045),
(2008288,836),
(2008287,794),
(2008286,209),
(2008285,547),
(2008284,549),
(2008283,315),
(2008282,579),
(2008281,766),
(2008280,234),
(2008279,896),
(2008278,786),
(2008277,560),
(2008276,891),
(2008275,020),
(2008274,922),
(2008273,409),
(2008272,815),
(2008271,816),
(2008270,186),
(2008269,980),
(2008268,768),
(2008267,210),
(2008266,309),
(2008265,489),
(2008264,268),
(2008263,700),
(2008262,032),
(2008261,223),
(2008260,002),
(2008259,528),
(2008258,201),
(2008257,190),
(2008256,055),
(2008255,182),
(2008254,928),
(2008253,337),
(2008252,050),
(2008251,404),
(2008250,369),
(2008249,914),
(2008248,795),
(2008247,896),
(2008246,931),
(2008245,750),
(2008244,000),
(2008243,647),
(2008242,725),
(2008241,107),
(2008240,431),
(2008239,538),
(2008238,223),
(2008237,699),
(2008236,622),
(2008235,837),
(2008234,076),
(2008233,766),
(2008232,132),
(2008231,395),
(2008230,913),
(2008229,604),
(2008228,661),
(2008227,167),
(2008226,837),
(2008225,032),
(2008224,525),
(2008223,934),
(2008222,636),
(2008221,529),
(2008220,213),
(2008219,751),
(2008218,884),
(2008217,962),
(2008216,166),
(2008215,015),
(2008214,864),
(2008213,728),
(2008212,640),
(2008211,280),
(2008210,458),
(2008209,914),
(2008208,833),
(2008207,647),
(2008206,683),
(2008205,681),
(2008204,799),
(2008203,563),
(2008202,156),
(2008201,458),
(2008200,465),
(2008199,164),
(2008198,979),
(2008197,964),
(2008196,161),
(2008195,409),
(2008194,840),
(2008193,103),
(2008192,524),
(2008191,950),
(2008190,340),
(2008189,409),
(2008188,413),
(2008187,374),
(2008186,152),
(2008185,697),
(2008184,589),
(2008183,085),
(2008182,865),
(2008181,001),
(2008180,667),
(2008179,049),
(2008178,615),
(2008177,448),
(2008176,674),
(2008175,470),
(2008174,553),
(2008173,597),
(2008172,419),
(2008171,959),
(2008170,371),
(2008169,923),
(2008168,680),
(2008167,242),
(2008166,128),
(2008165,307),
(2008164,057),
(2008163,151),
(2008162,132),
(2008161,273),
(2008160,747),
(2008159,752),
(2008158,386),
(2008157,788),
(2008156,985),
(2008155,717),
(2008154,869),
(2008153,067),
(2008152,590),
(2008151,724),
(2008150,625),
(2008149,083),
(2008148,925),
(2008147,831),
(2008146,028),
(2008145,064),
(2008144,971),
(2008143,640),
(2008142,938),
(2008141,180),
(2008140,303),
(2008139,179),
(2008138,364),
(2008137,427),
(2008136,226),
(2008135,416),
(2008134,721),
(2008133,082),
(2008132,228),
(2008131,817),
(2008130,466),
(2008129,931),
(2008128,385),
(2008127,560),
(2008126,610),
(2008125,422),
(2008124,781),
(2008123,545),
(2008122,197),
(2008121,904),
(2008120,487),
(2008119,408),
(2008118,442),
(2008117,032),
(2008116,560),
(2008115,327),
(2008114,274),
(2008113,102),
(2008112,154),
(2008111,469),
(2008110,464),
(2008109,918),
(2008108,199),
(2008107,624),
(2008106,653),
(2008105,492),
(2008104,300),
(2008103,000),
(2008102,945),
(2008101,934),
(2008100,626),
(2008099,154),
(2008098,040),
(2008097,836),
(2008096,382),
(2008095,979),
(2008094,144),
(2008093,148),
(2008092,418),
(2008091,160),
(2008090,159),
(2008089,042),
(2008088,322),
(2008087,409),
(2008086,407),
(2008085,081),
(2008084,979),
(2008083,669),
(2008082,659),
(2008081,026),
(2008080,357),
(2008079,022),
(2008078,014),
(2008077,475),
(2008076,457),
(2008075,706),
(2008074,400),
(2008073,816),
(2008072,268),
(2008071,303),
(2008070,612),
(2008069,437),
(2008068,249),
(2008067,662),
(2008066,857),
(2008065,738),
(2008064,898),
(2008063,544),
(2008062,933),
(2008061,543),
(2008060,570),
(2008059,793),
(2008058,802),
(2008057,172),
(2008056,830),
(2008055,828),
(2008054,132),
(2008053,156),
(2008052,690),
(2008051,363),
(2008050,428),
(2008049,403),
(2008048,308),
(2008047,230),
(2008046,179),
(2008045,930),
(2008044,149),
(2008043,320),
(2008042,266),
(2008041,125),
(2008040,898),
(2008039,372),
(2008038,312),
(2008037,149),
(2008036,320),
(2008035,570),
(2008034,807),
(2008033,505),
(2008032,183),
(2008031,136),
(2008030,984),
(2008029,562),
(2008028,674),
(2008027,825),
(2008026,088),
(2008025,960),
(2008024,016),
(2008023,112),
(2008022,254),
(2008021,999),
(2008020,745),
(2008019,573),
(2008018,793),
(2008017,950),
(2008016,954),
(2008015,448),
(2008014,616),
(2008013,369),
(2008012,153),
(2008011,380),
(2008010,765),
(2008009,030),
(2008008,149),
(2008007,302),
(2008006,020),
(2008005,517),
(2008004,094),
(2008003,353),
(2008002,790),
(2008001,346),
(2007357,495),
(2007356,831),
(2007355,129),
(2007354,239),
(2007353,377),
(2007352,798),
(2007351,558),
(2007350,889),
(2007349,522),
(2007348,992),
(2007347,279),
(2007346,793),
(2007345,476),
(2007344,675),
(2007343,852),
(2007342,606),
(2007341,667),
(2007340,105),
(2007339,450),
(2007338,856),
(2007337,399),
(2007336,785),
(2007335,747),
(2007334,119),
(2007333,284),
(2007332,913),
(2007331,535),
(2007330,124),
(2007329,732),
(2007328,545),
(2007327,423),
(2007326,558),
(2007325,674),
(2007324,112),
(2007323,331),
(2007322,349),
(2007321,494),
(2007320,924),
(2007319,051),
(2007318,125),
(2007317,214),
(2007316,430),
(2007315,816),
(2007314,343),
(2007313,196),
(2007312,784),
(2007311,013),
(2007310,960),
(2007309,334),
(2007308,627),
(2007307,749),
(2007306,507),
(2007305,511),
(2007304,338),
(2007303,700),
(2007302,110),
(2007301,364),
(2007300,908),
(2007299,664),
(2007298,545),
(2007297,947),
(2007296,519),
(2007295,666),
(2007294,605),
(2007293,321),
(2007292,732),
(2007291,661),
(2007290,736),
(2007289,861),
(2007288,573),
(2007287,356),
(2007286,188),
(2007285,301),
(2007284,473),
(2007283,417),
(2007282,631),
(2007281,728),
(2007280,891),
(2007279,498),
(2007278,615),
(2007277,814),
(2007276,669),
(2007275,866),
(2007274,817),
(2007273,052),
(2007272,466),
(2007271,453),
(2007270,781),
(2007269,825),
(2007268,493),
(2007267,838),
(2007266,547),
(2007265,432),
(2007264,696),
(2007263,217),
(2007262,062),
(2007261,235),
(2007260,268),
(2007259,649),
(2007258,173),
(2007257,373),
(2007256,952),
(2007255,692),
(2007254,981),
(2007253,573),
(2007252,882),
(2007251,941),
(2007250,706),
(2007249,360),
(2007248,119),
(2007247,393),
(2007246,884),
(2007245,062),
(2007244,095),
(2007243,492),
(2007242,117),
(2007241,398),
(2007240,675),
(2007239,323),
(2007238,193),
(2007237,047),
(2007236,552),
(2007235,358),
(2007234,302),
(2007233,855),
(2007232,739),
(2007231,482),
(2007230,021),
(2007229,584),
(2007228,141),
(2007227,420),
(2007226,585),
(2007225,592),
(2007224,830),
(2007223,687),
(2007222,801),
(2007221,611),
(2007220,263),
(2007219,862),
(2007218,590),
(2007217,037),
(2007216,492),
(2007215,644),
(2007214,513),
(2007213,138),
(2007212,319),
(2007211,755),
(2007210,476),
(2007209,607),
(2007208,746),
(2007207,828),
(2007206,511),
(2007205,153),
(2007204,033),
(2007203,384),
(2007202,274),
(2007201,284),
(2007200,818),
(2007199,289),
(2007198,942),
(2007197,024),
(2007196,030),
(2007195,537),
(2007194,154),
(2007193,818),
(2007192,014),
(2007191,603),
(2007190,488),
(2007189,505),
(2007188,774),
(2007187,451),
(2007186,208),
(2007185,662),
(2007184,998),
(2007183,480),
(2007182,518),
(2007181,417),
(2007180,701),
(2007179,269),
(2007178,989),
(2007177,848),
(2007176,811),
(2007175,942),
(2007174,212),
(2007173,734),
(2007172,503),
(2007171,772),
(2007170,669),
(2007169,404),
(2007168,539),
(2007167,085),
(2007166,581),
(2007165,073),
(2007164,179),
(2007163,094),
(2007162,407),
(2007161,443),
(2007160,225),
(2007159,012),
(2007158,636),
(2007157,602),
(2007156,859),
(2007155,481),
(2007154,775),
(2007153,321),
(2007152,948),
(2007151,885),
(2007150,505),
(2007149,009),
(2007148,806),
(2007147,336),
(2007146,951),
(2007145,119),
(2007144,391),
(2007143,759),
(2007142,470),
(2007141,731),
(2007140,655),
(2007139,291),
(2007138,190),
(2007137,400),
(2007136,257),
(2007135,762),
(2007134,152),
(2007133,218),
(2007132,724),
(2007131,342),
(2007130,468),
(2007129,952),
(2007128,746),
(2007127,066),
(2007126,425),
(2007125,045),
(2007124,518),
(2007123,790),
(2007122,904),
(2007121,831),
(2007120,735),
(2007119,225),
(2007118,400),
(2007117,209),
(2007116,144),
(2007115,717),
(2007114,810),
(2007113,324),
(2007112,579),
(2007111,296),
(2007110,630),
(2007109,602),
(2007108,653),
(2007107,529),
(2007106,642),
(2007105,177),
(2007104,130),
(2007103,671),
(2007102,245),
(2007101,418),
(2007100,488),
(2007099,304),
(2007098,006),
(2007097,755),
(2007096,845),
(2007095,074),
(2007094,415),
(2007093,368),
(2007092,958),
(2007091,779),
(2007090,071),
(2007089,589),
(2007088,258),
(2007087,905),
(2007086,574),
(2007085,687),
(2007084,811),
(2007083,180),
(2007082,942),
(2007081,827),
(2007080,379),
(2007079,710),
(2007078,666),
(2007077,623),
(2007076,399),
(2007075,071),
(2007074,745),
(2007073,977),
(2007072,914),
(2007071,394),
(2007070,163),
(2007069,683),
(2007068,691),
(2007067,016),
(2007066,889),
(2007065,500),
(2007064,617),
(2007063,326),
(2007062,775),
(2007061,144),
(2007060,987),
(2007059,029),
(2007058,295),
(2007057,668),
(2007056,403),
(2007055,656),
(2007054,204),
(2007053,078),
(2007052,899),
(2007051,892),
(2007050,951),
(2007049,363),
(2007048,418),
(2007047,304),
(2007046,208),
(2007045,400),
(2007044,522),
(2007043,321),
(2007042,393),
(2007041,359),
(2007040,212),
(2007039,712),
(2007038,195),
(2007037,570),
(2007036,485),
(2007035,409),
(2007034,414),
(2007033,928),
(2007032,551),
(2007031,975),
(2007030,747),
(2007029,575),
(2007028,748),
(2007027,790),
(2007026,344),
(2007025,392),
(2007024,296),
(2007023,581),
(2007022,305),
(2007021,577),
(2007020,481),
(2007019,652),
(2007018,529),
(2007017,956),
(2007016,441),
(2007015,916),
(2007014,814),
(2007013,550),
(2007012,035),
(2007011,193),
(2007010,735),
(2007009,504),
(2007008,558),
(2007007,459),
(2007006,255),
(2007005,736),
(2007004,313),
(2007003,733),
(2007002,484),
(2007001,019),
(2006357,015),
(2006356,623),
(2006355,827),
(2006354,283),
(2006353,503),
(2006352,939),
(2006351,509),
(2006350,802),
(2006349,415),
(2006348,644),
(2006347,569),
(2006346,760),
(2006345,676),
(2006344,948),
(2006343,539),
(2006342,695),
(2006341,047),
(2006340,790),
(2006339,638),
(2006338,447),
(2006337,900),
(2006336,460),
(2006335,977),
(2006334,182),
(2006333,173),
(2006332,365),
(2006331,140),
(2006330,455),
(2006329,863),
(2006328,960),
(2006327,683),
(2006326,189),
(2006325,039),
(2006324,147),
(2006323,019),
(2006322,959),
(2006321,641),
(2006320,904),
(2006319,164),
(2006318,503),
(2006317,300),
(2006316,851),
(2006315,064),
(2006314,783),
(2006313,300),
(2006312,689),
(2006311,242),
(2006310,958),
(2006309,807),
(2006308,175),
(2006307,640),
(2006306,417),
(2006305,041),
(2006304,517),
(2006303,677),
(2006302,237),
(2006301,865),
(2006300,846),
(2006299,736),
(2006298,363),
(2006297,308),
(2006296,519),
(2006295,219),
(2006294,152),
(2006293,452),
(2006292,566),
(2006291,671),
(2006290,918),
(2006289,244),
(2006288,316),
(2006287,791),
(2006286,921),
(2006285,342),
(2006284,160),
(2006283,131),
(2006282,043),
(2006281,981),
(2006280,050),
(2006279,146),
(2006278,793),
(2006277,992),
(2006276,935),
(2006275,576),
(2006274,426),
(2006273,849),
(2006272,857),
(2006271,492),
(2006270,083),
(2006269,537),
(2006268,440),
(2006267,691),
(2006266,973),
(2006265,143),
(2006264,520),
(2006263,541),
(2006262,457),
(2006261,473),
(2006260,241),
(2006259,110),
(2006258,158),
(2006257,184),
(2006256,266),
(2006255,501),
(2006254,023),
(2006253,310),
(2006252,068),
(2006251,474),
(2006250,411),
(2006249,448),
(2006248,998),
(2006247,523),
(2006246,410),
(2006245,568),
(2006244,076),
(2006243,435),
(2006242,433),
(2006241,321),
(2006240,072),
(2006239,874),
(2006238,165),
(2006237,683),
(2006236,251),
(2006235,315),
(2006234,666),
(2006233,994),
(2006232,727),
(2006231,645),
(2006230,279),
(2006229,772),
(2006228,559),
(2006227,850),
(2006226,685),
(2006225,340),
(2006224,039),
(2006223,748),
(2006222,718),
(2006221,479),
(2006220,253),
(2006219,790),
(2006218,440),
(2006217,795),
(2006216,334),
(2006215,663),
(2006214,666),
(2006213,126),
(2006212,683),
(2006211,330),
(2006210,085),
(2006209,450),
(2006208,138),
(2006207,377),
(2006206,557),
(2006205,601),
(2006204,820),
(2006203,539),
(2006202,842),
(2006201,982),
(2006200,673),
(2006199,241),
(2006198,001),
(2006197,870),
(2006196,328),
(2006195,995),
(2006194,510),
(2006193,751),
(2006192,211),
(2006191,589),
(2006190,453),
(2006189,404),
(2006188,363),
(2006187,410),
(2006186,215),
(2006185,596),
(2006184,608),
(2006183,553),
(2006182,949),
(2006181,708),
(2006180,207),
(2006179,692),
(2006178,577),
(2006177,867),
(2006176,361),
(2006175,083),
(2006174,357),
(2006173,900),
(2006172,050),
(2006171,114),
(2006170,407),
(2006169,690),
(2006168,519),
(2006167,095),
(2006166,426),
(2006165,127),
(2006164,132),
(2006163,368),
(2006162,348),
(2006161,075),
(2006160,803),
(2006159,072),
(2006158,275),
(2006157,892),
(2006156,134),
(2006155,031),
(2006154,960),
(2006153,014),
(2006152,377),
(2006151,209),
(2006150,848),
(2006149,286),
(2006148,654),
(2006147,195),
(2006146,364),
(2006145,384),
(2006144,626),
(2006143,582),
(2006142,435),
(2006141,688),
(2006140,363),
(2006139,462),
(2006138,128),
(2006137,351),
(2006136,141),
(2006135,171),
(2006134,292),
(2006133,015),
(2006132,714),
(2006131,999),
(2006130,036),
(2006129,880),
(2006128,858),
(2006127,931),
(2006126,133),
(2006125,711),
(2006124,812),
(2006123,084),
(2006122,940),
(2006121,217),
(2006120,166),
(2006119,454),
(2006118,355),
(2006117,332),
(2006116,052),
(2006115,442),
(2006114,913),
(2006113,086),
(2006112,440),
(2006111,594),
(2006110,724),
(2006109,860),
(2006108,008),
(2006107,086),
(2006106,478),
(2006105,883),
(2006104,923),
(2006103,455),
(2006102,040),
(2006101,708),
(2006100,661),
(2006099,596),
(2006098,203),
(2006097,823),
(2006096,149),
(2006095,237),
(2006094,304),
(2006093,605),
(2006092,175),
(2006091,101),
(2006090,467),
(2006089,910),
(2006088,960),
(2006087,160),
(2006086,756),
(2006085,294),
(2006084,737),
(2006083,761),
(2006082,967),
(2006081,976),
(2006080,802),
(2006079,403),
(2006078,321),
(2006077,715),
(2006076,401),
(2006075,274),
(2006074,306),
(2006073,731),
(2006072,419),
(2006071,130),
(2006070,929),
(2006069,396),
(2006068,490),
(2006067,305),
(2006066,277),
(2006065,542),
(2006064,936),
(2006063,817),
(2006062,708),
(2006061,309),
(2006060,985),
(2006059,052),
(2006058,128),
(2006057,666),
(2006056,777),
(2006055,576),
(2006054,835),
(2006053,306),
(2006052,771),
(2006051,225),
(2006050,153),
(2006049,566),
(2006048,138),
(2006047,469),
(2006046,021),
(2006045,846),
(2006044,069),
(2006043,116),
(2006042,710),
(2006041,594),
(2006040,463),
(2006039,446),
(2006038,715),
(2006037,697),
(2006036,891),
(2006035,848),
(2006034,314),
(2006033,667),
(2006032,930),
(2006031,409),
(2006030,964),
(2006029,403),
(2006028,028),
(2006027,460),
(2006026,497),
(2006025,141),
(2006024,686),
(2006023,515),
(2006022,900),
(2006021,051),
(2006020,661),
(2006019,497),
(2006018,884),
(2006017,878),
(2006016,481),
(2006015,800),
(2006014,400),
(2006013,848),
(2006012,098),
(2006011,634),
(2006010,624),
(2006009,349),
(2006008,179),
(2006007,746),
(2006006,713),
(2006005,877),
(2006004,614),
(2006003,229),
(2006002,110),
(2006001,160),
(2005358,842),
(2005357,429),
(2005356,681),
(2005355,468),
(2005354,726),
(2005353,536),
(2005352,540),
(2005351,173),
(2005350,969),
(2005349,014),
(2005348,038),
(2005347,272),
(2005346,139),
(2005345,924),
(2005344,381),
(2005343,895),
(2005342,864),
(2005341,467),
(2005340,998),
(2005339,437),
(2005338,493),
(2005337,539),
(2005336,248),
(2005335,218),
(2005334,827),
(2005333,540),
(2005332,208),
(2005331,176),
(2005330,905),
(2005329,900),
(2005328,009),
(2005327,097),
(2005326,874),
(2005325,212),
(2005324,139),
(2005323,162),
(2005322,583),
(2005321,024),
(2005320,922),
(2005319,369),
(2005318,793),
(2005317,851),
(2005316,272),
(2005315,198),
(2005314,705),
(2005313,789),
(2005312,313),
(2005311,809),
(2005310,288),
(2005309,699),
(2005308,868),
(2005307,598),
(2005306,550),
(2005305,806),
(2005304,332),
(2005303,540),
(2005302,456),
(2005301,650),
(2005300,895),
(2005299,138),
(2005298,713),
(2005297,753),
(2005296,531),
(2005295,914),
(2005294,833),
(2005293,455),
(2005292,428),
(2005291,227),
(2005290,823),
(2005289,028),
(2005288,185),
(2005287,335),
(2005286,516),
(2005285,478),
(2005284,220),
(2005283,214),
(2005282,271),
(2005281,762),
(2005280,041),
(2005279,714),
(2005278,149),
(2005277,059),
(2005276,783),
(2005275,925),
(2005274,262),
(2005273,209),
(2005272,290),
(2005271,528),
(2005270,396),
(2005269,940),
(2005268,927),
(2005267,316),
(2005266,952),
(2005265,336),
(2005264,393),
(2005263,617),
(2005262,203),
(2005261,542),
(2005260,158),
(2005259,348),
(2005258,894),
(2005257,285),
(2005256,751),
(2005255,041),
(2005254,425),
(2005253,163),
(2005252,557),
(2005251,506),
(2005250,434),
(2005249,692),
(2005248,900),
(2005247,574),
(2005246,519),
(2005245,977),
(2005244,331),
(2005243,103),
(2005242,592),
(2005241,126),
(2005240,871),
(2005239,901),
(2005238,018),
(2005237,767),
(2005236,495),
(2005235,134),
(2005234,890),
(2005233,933),
(2005232,175),
(2005231,630),
(2005230,483),
(2005229,139),
(2005228,209),
(2005227,455),
(2005226,603),
(2005225,260),
(2005224,794),
(2005223,807),
(2005222,788),
(2005221,989),
(2005220,158),
(2005219,013),
(2005218,892),
(2005217,964),
(2005216,951),
(2005215,002),
(2005214,961),
(2005213,424),
(2005212,994),
(2005211,404),
(2005210,074),
(2005209,166),
(2005208,598),
(2005207,129),
(2005206,859),
(2005205,164),
(2005204,073),
(2005203,877),
(2005202,612),
(2005201,380),
(2005200,667),
(2005199,214),
(2005198,328),
(2005197,734),
(2005196,654),
(2005195,830),
(2005194,842),
(2005193,710),
(2005192,353),
(2005191,798),
(2005190,322),
(2005189,927),
(2005188,818),
(2005187,332),
(2005186,756),
(2005185,810),
(2005184,918),
(2005183,153),
(2005182,433),
(2005181,073),
(2005180,268),
(2005179,123),
(2005178,075),
(2005177,251),
(2005176,517),
(2005175,813),
(2005174,609),
(2005173,791),
(2005172,370),
(2005171,558),
(2005170,214),
(2005169,238),
(2005168,664),
(2005167,300),
(2005166,775),
(2005165,249),
(2005164,361),
(2005163,586),
(2005162,516),
(2005161,488),
(2005160,791),
(2005159,996),
(2005158,060),
(2005157,590),
(2005156,430),
(2005155,749),
(2005154,319),
(2005153,369),
(2005152,949),
(2005151,312),
(2005150,950),
(2005149,774),
(2005148,168),
(2005147,965),
(2005146,477),
(2005145,943),
(2005144,494),
(2005143,105),
(2005142,306),
(2005141,663),
(2005140,572),
(2005139,667),
(2005138,167),
(2005137,052),
(2005136,489),
(2005135,936),
(2005134,899),
(2005133,964),
(2005132,180),
(2005131,796),
(2005130,131),
(2005129,573),
(2005128,596),
(2005127,482),
(2005126,594),
(2005125,005),
(2005124,333),
(2005123,034),
(2005122,275),
(2005121,053),
(2005120,502),
(2005119,102),
(2005118,916),
(2005117,130),
(2005116,830),
(2005115,880),
(2005114,367),
(2005113,380),
(2005112,529),
(2005111,079),
(2005110,851),
(2005109,630),
(2005108,203),
(2005107,609),
(2005106,669),
(2005105,240),
(2005104,869),
(2005103,045),
(2005102,671),
(2005101,307),
(2005100,549),
(2005099,422),
(2005098,063),
(2005097,665),
(2005096,606),
(2005095,022),
(2005094,171),
(2005093,660),
(2005092,816),
(2005091,115),
(2005090,217),
(2005089,885),
(2005088,571),
(2005087,157),
(2005086,228),
(2005085,416),
(2005084,880),
(2005083,666),
(2005082,212),
(2005081,808),
(2005080,553),
(2005079,295),
(2005078,969),
(2005077,944),
(2005076,053),
(2005075,144),
(2005074,058),
(2005073,458),
(2005072,595),
(2005071,555),
(2005070,854),
(2005069,169),
(2005068,958),
(2005067,875),
(2005066,787),
(2005065,467),
(2005064,600),
(2005063,959),
(2005062,311),
(2005061,245),
(2005060,717),
(2005059,542),
(2005058,195),
(2005057,081),
(2005056,257),
(2005055,058),
(2005054,307),
(2005053,142),
(2005052,493),
(2005051,830),
(2005050,272),
(2005049,784),
(2005048,005),
(2005047,710),
(2005046,488),
(2005045,028),
(2005044,934),
(2005043,942),
(2005042,466),
(2005041,700),
(2005040,723),
(2005039,086),
(2005038,631),
(2005037,074),
(2005036,275),
(2005035,599),
(2005034,151),
(2005033,881),
(2005032,853),
(2005031,699),
(2005030,827),
(2005029,717),
(2005028,389),
(2005027,925),
(2005026,339),
(2005025,985),
(2005024,271),
(2005023,405),
(2005022,313),
(2005021,075),
(2005020,766),
(2005019,803),
(2005018,715),
(2005017,802),
(2005016,107),
(2005015,438),
(2005014,053),
(2005013,850),
(2005012,854),
(2005011,740),
(2005010,658),
(2005009,707),
(2005008,003),
(2005007,319),
(2005006,864),
(2005005,568),
(2005004,052),
(2005003,928),
(2005002,043),
(2005001,019),
(2004075,321),
(2004074,605),
(2004073,229),
(2004072,397),
(2004071,107),
(2004070,619),
(2004069,519),
(2004068,187),
(2004067,419),
(2004066,787),
(2004065,472),
(2004064,263),
(2004063,357),
(2004062,649),
(2004061,651),
(2004060,369),
(2004059,229),
(2004058,722),
(2004057,774),
(2004056,409),
(2004055,378),
(2004054,008),
(2004053,487),
(2004052,167),
(2004051,066),
(2004050,933),
(2004049,798),
(2004048,284),
(2004047,731),
(2004046,821),
(2004045,927),
(2004044,092),
(2004043,227),
(2004042,303),
(2004041,935),
(2004040,836),
(2004039,339),
(2004038,631),
(2004037,828),
(2004036,424),
(2004035,911),
(2004034,253),
(2004033,992),
(2004032,151),
(2004031,800),
(2004030,205),
(2004029,485),
(2004028,801),
(2004027,798),
(2004026,247),
(2004025,152),
(2004024,287),
(2004023,936),
(2004022,086),
(2004021,270),
(2004020,597),
(2004019,264),
(2004018,177),
(2004017,688),
(2004016,679),
(2004015,439),
(2004014,476),
(2004013,477),
(2004012,878),
(2004011,607),
(2004010,828),
(2004009,505),
(2004008,471),
(2004007,144),
(2004006,611),
(2004005,941),
(2004004,791),
(2004003,986),
(2004002,557),
(2004001,070),
