(23195,367),
(23194,303),
(23193,419),
(23192,214),
(23191,360),
(23190,600),
(23189,070),
(23188,284),
(23187,765),
(23186,707),
(23185,468),
(23184,964),
(23183,806),
(23182,121),
(23181,779),
(23180,687),
(23179,499),
(23178,711),
(23177,709),
(23176,071),
(23175,280),
(23174,829),
(23173,013),
(23172,780),
(23171,225),
(23170,082),
(23169,721),
(23168,933),
(23167,190),
(23166,128),
(23165,251),
(23164,215),
(23163,127),
(23162,094),
(23161,536),
(23160,393),
(23159,319),
(23158,447),
(23157,786),
(23156,251),
(23155,853),
(23154,433),
(23153,750),
(23152,318),
(23151,383),
(23150,039),
(23149,025),
(23148,336),
(23147,863),
(23146,587),
(23145,883),
(23144,563),
(23143,848),
(23142,167),
(23141,743),
(23140,093),
(23139,429),
(23138,440),
(23137,791),
(23136,929),
(23135,467),
(23134,220),
(23133,434),
(23132,010),
(23131,583),
(23130,521),
(23129,334),
(23128,810),
(23127,110),
(23126,984),
(23125,558),
(23124,071),
(23123,557),
(23122,827),
(23121,668),
(23120,091),
(23119,056),
(23118,646),
(23117,493),
(23116,920),
(23115,527),
(23114,810),
(23113,224),
(23112,127),
(23111,659),
(23110,433),
(23109,303),
(23108,477),
(23107,519),
(23106,282),
(23105,570),
(23104,643),
(23103,976),
(23102,704),
(23101,531),
(23100,632),
(23099,551),
(23098,223),
(23097,685),
(23096,763),
(23095,488),
(23094,533),
(23093,536),
(23092,883),
(23091,795),
(23090,585),
(23089,940),
(23088,292),
(23087,329),
(23086,915),
(23085,557),
(23084,055),
(23083,024),
(23082,739),
(23081,978),
(23080,484),
(23079,014),
(23078,316),
(23077,209),
(23076,503),
(23075,738),
(23074,071),
(23073,130),
(23072,447),
(23071,017),
(23070,567),
(23069,932),
(23068,366),
(23067,854),
(23066,550),
(23065,468),
(23064,065),
(23063,437),
(23062,006),
(23061,711),
(23060,792),
(23059,518),
(23058,693),
(23057,464),
(23056,108),
(23055,882),
(23054,348),
(23053,364),
(23052,383),
(23051,940),
(23050,714),
(23049,928),
(23048,581),
(23047,578),
(23046,885),
(23045,659),
(23044,082),
(23043,568),
(23042,231),
(23041,608),
(23040,334),
(23039,763),
(23038,091),
(23037,771),
(23036,656),
(23035,649),
(23034,901),
(23033,679),
(23032,090),
(23031,975),
(23030,754),
(23029,499),
(23028,127),
(23027,348),
(23026,665),
(23025,357),
(23024,060),
(23023,342),
(23022,114),
(23021,911),
(23020,488),
(23019,790),
(23018,237),
(23017,172),
(23016,714),
(23015,606),
(23014,022),
(23013,282),
(23012,780),
(23011,083),
(23010,888),
(23009,221),
(23008,972),
(23007,315),
(23006,756),
(23005,420),
(23004,136),
(23003,900),
(23002,070),
(23001,458),
(22351,092),
(22350,286),
(22349,491),
(22348,739),
(22347,925),
(22346,538),
(22345,460),
(22344,209),
(22343,382),
(22342,383),
(22341,084),
(22340,287),
(22339,525),
(22338,416),
(22337,217),
(22336,387),
(22335,014),
(22334,383),
(22333,851),
(22332,422),
(22331,808),
(22330,221),
(22329,167),
(22328,620),
(22327,289),
(22326,289),
(22325,760),
(22324,849),
(22323,712),
(22322,335),
(22321,861),
(22320,747),
(22319,069),
(22318,021),
(22317,268),
(22316,280),
(22315,562),
(22314,715),
(22313,169),
(22312,132),
(22311,682),
(22310,257),
(22309,041),
(22308,216),
(22307,372),
(22306,559),
(22305,048),
(22304,174),
(22303,533),
(22302,875),
(22301,181),
(22300,094),
(22299,299),
(22298,872),
(22297,111),
(22296,009),
(22295,608),
(22294,666),
(22293,385),
(22292,977),
(22291,633),
(22290,837),
(22289,769),
(22288,561),
(22287,746),
(22286,980),
(22285,436),
(22284,752),
(22283,820),
(22282,896),
(22281,101),
(22280,133),
(22279,974),
(22278,492),
(22277,246),
(22276,761),
(22275,059),
(22274,065),
(22273,746),
(22272,329),
(22271,567),
(22270,227),
(22269,375),
(22268,384),
(22267,534),
(22266,210),
(22265,464),
(22264,786),
(22263,335),
(22262,329),
(22261,026),
(22260,469),
(22259,448),
(22258,196),
(22257,792),
(22256,405),
(22255,339),
(22254,735),
(22253,916),
(22252,167),
(22251,124),
(22250,015),
(22249,006),
(22248,049),
(22247,446),
(22246,832),
(22245,846),
(22244,124),
(22243,474),
(22242,089),
(22241,073),
(22240,195),
(22239,289),
(22238,622),
(22237,699),
(22236,885),
(22235,824),
(22234,887),
(22233,867),
(22232,642),
(22231,466),
(22230,901),
(22229,766),
(22228,544),
(22227,613),
(22226,989),
(22225,431),
(22224,897),
(22223,058),
(22222,291),
(22221,246),
(22220,380),
(22219,292),
(22218,745),
(22217,514),
(22216,762),
(22215,062),
(22214,822),
(22213,829),
(22212,644),
(22211,321),
(22210,630),
(22209,356),
(22208,632),
(22207,465),
(22206,222),
(22205,468),
(22204,666),
(22203,629),
(22202,902),
(22201,213),
(22200,303),
(22199,332),
(22198,037),
(22197,930),
(22196,123),
(22195,122),
(22194,780),
(22193,162),
(22192,681),
(22191,210),
(22190,748),
(22189,235),
(22188,481),
(22187,718),
(22186,153),
(22185,545),
(22184,966),
(22183,188),
(22182,406),
(22181,071),
(22180,312),
(22179,946),
(22178,921),
(22177,242),
(22176,416),
(22175,151),
(22174,284),
(22173,546),
(22172,342),
(22171,924),
(22170,789),
(22169,469),
(22168,553),
(22167,299),
(22166,451),
(22165,457),
(22164,189),
(22163,771),
(22162,707),
(22161,507),
(22160,044),
(22159,240),
(22158,891),
(22157,417),
(22156,789),
(22155,057),
(22154,406),
(22153,155),
(22152,044),
(22151,113),
(22150,887),
(22149,464),
(22148,408),
(22147,196),
(22146,194),
(22145,728),
(22144,016),
(22143,158),
(22142,563),
(22141,755),
(22140,277),
(22139,136),
(22138,426),
(22137,244),
(22136,656),
(22135,048),
(22134,229),
(22133,654),
(22132,782),
(22131,266),
(22130,395),
(22129,005),
(22128,843),
(22127,117),
(22126,259),
(22125,264),
(22124,224),
(22123,154),
(22122,357),
(22121,621),
(22120,939),
(22119,046),
(22118,470),
(22117,457),
(22116,707),
(22115,836),
(22114,997),
(22113,653),
(22112,762),
(22111,956),
(22110,893),
(22109,092),
(22108,415),
(22107,064),
(22106,625),
(22105,642),
(22104,083),
(22103,046),
(22102,345),
(22101,124),
(22100,444),
(22099,464),
(22098,915),
(22097,096),
(22096,824),
(22095,140),
(22094,488),
(22093,958),
(22092,818),
(22091,809),
(22090,579),
(22089,844),
(22088,907),
(22087,133),
(22086,935),
(22085,279),
(22084,946),
(22083,328),
(22082,678),
(22081,168),
(22080,450),
(22079,854),
(22078,352),
(22077,918),
(22076,171),
(22075,761),
(22074,089),
(22073,200),
(22072,683),
(22071,371),
(22070,702),
(22069,586),
(22068,717),
(22067,013),
(22066,408),
(22065,994),
(22064,615),
(22063,773),
(22062,892),
(22061,353),
(22060,210),
(22059,592),
(22058,047),
(22057,147),
(22056,099),
(22055,277),
(22054,269),
(22053,566),
(22052,466),
(22051,846),
(22050,070),
(22049,487),
(22048,712),
(22047,815),
(22046,387),
(22045,429),
(22044,538),
(22043,096),
(22042,500),
(22041,533),
(22040,591),
(22039,475),
(22038,393),
(22037,341),
(22036,087),
(22035,402),
(22034,922),
(22033,358),
(22032,703),
(22031,605),
(22030,460),
(22029,134),
(22028,961),
(22027,924),
(22026,618),
(22025,974),
(22024,503),
(22023,489),
(22022,974),
(22021,492),
(22020,515),
(22019,855),
(22018,729),
(22017,515),
(22016,947),
(22015,993),
(22014,788),
(22013,086),
(22012,505),
(22011,073),
(22010,648),
(22009,856),
(22008,842),
(22007,523),
(22006,438),
(22005,871),
(22004,099),
(22003,558),
(22002,287),
(22001,378),
(21351,264),
(21350,135),
(21349,290),
(21348,241),
(21347,839),
(21346,343),
(21345,508),
(21344,046),
(21343,880),
(21342,676),
(21341,703),
(21340,321),
(21339,189),
(21338,244),
(21337,722),
(21336,455),
(21335,110),
(21334,792),
(21333,404),
(21332,934),
(21331,949),
(21330,204),
(21329,131),
(21328,336),
(21327,328),
(21326,461),
(21325,612),
(21324,931),
(21323,454),
(21322,170),
(21321,977),
(21320,940),
(21319,086),
(21318,731),
(21317,355),
(21316,688),
(21315,484),
(21314,194),
(21313,593),
(21312,008),
(21311,805),
(21310,148),
(21309,457),
(21308,838),
(21307,183),
(21306,233),
(21305,156),
(21304,900),
(21303,143),
(21302,925),
(21301,622),
(21300,140),
(21299,888),
(21298,589),
(21297,512),
(21296,468),
(21295,235),
(21294,488),
(21293,420),
(21292,521),
(21291,044),
(21290,489),
(21289,321),
(21288,566),
(21287,770),
(21286,853),
(21285,780),
(21284,504),
(21283,806),
(21282,470),
(21281,597),
(21280,868),
(21279,111),
(21278,157),
(21277,700),
(21276,504),
(21275,276),
(21274,812),
(21273,316),
(21272,028),
(21271,530),
(21270,671),
(21269,134),
(21268,183),
(21267,700),
(21266,055),
(21265,095),
(21264,956),
(21263,244),
(21262,414),
(21261,195),
(21260,186),
(21259,115),
(21258,751),
(21257,914),
(21256,503),
(21255,917),
(21254,949),
(21253,568),
(21252,975),
(21251,941),
(21250,448),
(21249,290),
(21248,308),
(21247,525),
(21246,980),
(21245,926),
(21244,401),
(21243,097),
(21242,973),
(21241,848),
(21240,013),
(21239,319),
(21238,134),
(21237,203),
(21236,714),
(21235,332),
(21234,163),
(21233,022),
(21232,779),
(21231,762),
(21230,775),
(21229,359),
(21228,552),
(21227,357),
(21226,509),
(21225,824),
(21224,937),
(21223,823),
(21222,028),
(21221,185),
(21220,127),
(21219,329),
(21218,530),
(21217,547),
(21216,454),
(21215,712),
(21214,281),
(21213,120),
(21212,012),
(21211,675),
(21210,582),
(21209,654),
(21208,520),
(21207,070),
(21206,469),
(21205,082),
(21204,506),
(21203,959),
(21202,488),
(21201,245),
(21200,409),
(21199,483),
(21198,185),
(21197,064),
(21196,866),
(21195,602),
(21194,523),
(21193,951),
(21192,740),
(21191,049),
(21190,428),
(21189,810),
(21188,608),
(21187,375),
(21186,691),
(21185,695),
(21184,811),
(21183,350),
(21182,229),
(21181,549),
(21180,930),
(21179,866),
(21178,900),
(21177,017),
(21176,865),
(21175,117),
(21174,243),
(21173,097),
(21172,757),
(21171,465),
(21170,499),
(21169,116),
(21168,946),
(21167,665),
(21166,810),
(21165,506),
(21164,137),
(21163,611),
(21162,793),
(21161,762),
(21160,958),
(21159,237),
(21158,905),
(21157,219),
(21156,732),
(21155,217),
(21154,591),
(21153,368),
(21152,348),
(21151,826),
(21150,301),
(21149,878),
(21148,215),
(21147,257),
(21146,901),
(21145,245),
(21144,074),
(21143,386),
(21142,197),
(21141,103),
(21140,132),
(21139,649),
(21138,928),
(21137,685),
(21136,469),
(21135,505),
(21134,216),
(21133,532),
(21132,741),
(21131,223),
(21130,172),
(21129,793),
(21128,689),
(21127,449),
(21126,813),
(21125,919),
(21124,492),
(21123,822),
(21122,853),
(21121,080),
(21120,686),
(21119,136),
(21118,694),
(21117,923),
(21116,414),
(21115,834),
(21114,713),
(21113,032),
(21112,451),
(21111,838),
(21110,234),
(21109,172),
(21108,553),
(21107,264),
(21106,733),
(21105,638),
(21104,906),
(21103,833),
(21102,116),
(21101,786),
(21100,276),
(21099,491),
(21098,302),
(21097,816),
(21096,593),
(21095,952),
(21094,569),
(21093,431),
(21092,870),
(21091,472),
(21090,678),
(21089,245),
(21088,304),
(21087,866),
(21086,263),
(21085,996),
(21084,493),
(21083,676),
(21082,227),
(21081,241),
(21080,645),
(21079,959),
(21078,686),
(21077,710),
(21076,018),
(21075,068),
(21074,279),
(21073,173),
(21072,562),
(21071,655),
(21070,988),
(21069,719),
(21068,045),
(21067,170),
(21066,523),
(21065,642),
(21064,626),
(21063,673),
(21062,446),
(21061,368),
(21060,655),
(21059,636),
(21058,972),
(21057,257),
(21056,622),
(21055,607),
(21054,125),
(21053,954),
(21052,986),
(21051,730),
(21050,460),
(21049,603),
(21048,945),
(21047,626),
(21046,047),
(21045,252),
(21044,269),
(21043,054),
(21042,956),
(21041,992),
(21040,341),
(21039,675),
(21038,492),
(21037,161),
(21036,956),
(21035,546),
(21034,534),
(21033,452),
(21032,373),
(21031,714),
(21030,225),
(21029,865),
(21028,790),
(21027,023),
(21026,426),
(21025,859),
(21024,342),
(21023,840),
(21022,963),
(21021,972),
(21020,398),
(21019,252),
(21018,468),
(21017,001),
(21016,223),
(21015,659),
(21014,790),
(21013,887),
(21012,906),
(21011,960),
(21010,743),
(21009,231),
(21008,647),
(21007,901),
(21006,908),
(21005,633),
(21004,501),
(21003,880),
(21002,355),
(21001,326),
(20312,614),
(20311,580),
(20310,503),
(20309,272),
(20308,574),
(20307,695),
(20306,438),
(20305,373),
(20304,627),
(20303,906),
(20302,108),
(20301,418),
(20300,412),
(20299,323),
(20298,290),
(20297,745),
(20296,251),
(20295,839),
(20294,630),
(20293,203),
(20292,767),
(20291,468),
(20290,846),
(20289,593),
(20288,693),
(20287,276),
(20286,519),
(20285,144),
(20284,337),
(20283,570),
(20282,257),
(20281,951),
(20280,160),
(20279,932),
(20278,274),
(20277,567),
(20276,994),
(20275,716),
(20274,595),
(20273,174),
(20272,243),
(20271,929),
(20270,414),
(20269,693),
(20268,635),
(20267,625),
(20266,110),
(20265,770),
(20264,160),
(20263,809),
(20262,665),
(20261,833),
(20260,278),
(20259,230),
(20258,468),
(20257,258),
(20256,208),
(20255,460),
(20254,120),
(20253,858),
(20252,761),
(20251,252),
(20250,839),
(20249,700),
(20248,962),
(20247,980),
(20246,525),
(20245,895),
(20244,978),
(20243,082),
(20242,828),
(20241,049),
(20240,861),
(20239,821),
(20238,275),
(20237,524),
(20236,998),
(20235,284),
(20234,610),
(20233,393),
(20232,056),
(20231,115),
(20230,573),
(20229,911),
(20228,430),
(20227,188),
(20226,200),
(20225,027),
(20224,939),
(20223,231),
(20222,528),
(20221,442),
(20220,293),
(20219,020),
(20218,648),
(20217,719),
(20216,623),
(20215,797),
(20214,860),
(20213,736),
(20212,559),
(20211,463),
(20210,326),
(20209,207),
(20208,811),
(20207,378),
(20206,611),
(20205,681),
(20204,074),
(20203,677),
(20202,260),
(20201,816),
(20200,023),
(20199,708),
(20198,612),
(20197,429),
(20196,841),
(20195,839),
(20194,436),
(20193,309),
(20192,849),
(20191,936),
(20190,733),
(20189,917),
(20188,294),
(20187,143),
(20186,547),
(20185,197),
(20184,555),
(20183,866),
(20182,913),
(20181,293),
(20180,127),
(20179,069),
(20178,337),
(20177,481),
(20176,962),
(20175,944),
(20174,294),
(20173,317),
(20172,603),
(20171,243),
(20170,650),
(20169,122),
(20168,786),
(20167,841),
(20166,343),
(20165,059),
(20164,484),
(20163,230),
(20162,628),
(20161,704),
(20160,920),
(20159,481),
(20158,266),
(20157,764),
(20156,098),
(20155,012),
(20154,810),
(20153,066),
(20152,698),
(20151,800),
(20150,373),
(20149,334),
(20148,964),
(20147,079),
(20146,880),
(20145,846),
(20144,610),
(20143,854),
(20142,713),
(20141,833),
(20140,515),
(20139,956),
(20138,004),
(20137,102),
(20136,552),
(20135,603),
(20134,753),
(20133,077),
(20132,879),
(20131,358),
(20130,968),
(20129,011),
(20128,086),
(20127,325),
(20126,494),
(20125,660),
(20124,629),
(20123,248),
(20122,639),
(20121,718),
(20120,242),
(20119,160),
(20118,204),
(20117,834),
(20116,934),
(20115,552),
(20114,065),
(20113,075),
(20112,421),
(20111,675),
(20110,282),
(20109,317),
(20108,267),
(20107,198),
(20106,440),
(20105,598),
(20104,295),
(20103,904),
(20102,877),
(20101,267),
(20100,064),
(20099,798),
(20098,449),
(20097,935),
(20096,718),
(20095,425),
(20094,328),
(20093,730),
(20092,616),
(20091,599),
(20090,559),
(20089,087),
(20088,551),
(20087,343),
(20086,972),
(20085,835),
(20084,567),
(20083,096),
(20082,889),
(20081,262),
(20080,384),
(20079,103),
(20078,356),
(20077,213),
(20076,864),
(20075,585),
(20074,224),
(20073,669),
(20072,790),
(20071,384),
(20070,804),
(20069,788),
(20068,410),
(20067,477),
(20066,262),
(20065,199),
(20064,352),
(20063,531),
(20062,318),
(20061,152),
(20060,490),
(20059,019),
(20058,228),
(20057,057),
(20056,578),
(20055,659),
(20054,087),
(20053,588),
(20052,223),
(20051,753),
(20050,593),
(20049,710),
(20048,854),
(20047,809),
(20046,324),
(20045,031),
(20044,120),
(20043,070),
(20042,274),
(20041,705),
(20040,389),
(20039,846),
(20038,739),
(20037,120),
(20036,301),
(20035,328),
(20034,473),
(20033,767),
(20032,688),
(20031,937),
(20030,719),
(20029,395),
(20028,513),
(20027,239),
(20026,705),
(20025,424),
(20024,614),
(20023,061),
(20022,634),
(20021,964),
(20020,166),
(20019,973),
(20018,585),
(20017,728),
(20016,402),
(20015,322),
(20014,161),
(20013,081),
(20012,313),
(20011,459),
(20010,011),
(20009,208),
(20008,188),
(20007,309),
(20006,083),
(20005,569),
(20004,498),
(20003,893),
(20002,161),
(20001,202),
(19351,977),
(19350,818),
(19349,338),
(19348,055),
(19347,549),
(19346,589),
(19345,874),
(19344,087),
(19343,952),
(19342,178),
(19341,030),
(19340,383),
(19339,901),
(19338,547),
(19337,407),
(19336,234),
(19335,369),
(19334,972),
(19333,383),
(19332,254),
(19331,860),
(19330,397),
(19329,412),
(19328,596),
(19327,770),
(19326,209),
(19325,744),
(19324,373),
(19323,830),
(19322,972),
(19321,593),
(19320,787),
(19319,331),
(19318,319),
(19317,423),
(19316,481),
(19315,451),
(19314,200),
(19313,241),
(19312,576),
(19311,114),
(19310,754),
(19309,354),
(19308,675),
(19307,027),
(19306,647),
(19305,482),
(19304,663),
(19303,669),
(19302,744),
(19301,379),
(19300,537),
(19299,578),
(19298,555),
(19297,525),
(19296,870),
(19295,335),
(19294,758),
(19293,599),
(19292,486),
(19291,676),
(19290,485),
(19289,249),
(19288,789),
(19287,337),
(19286,774),
(19285,071),
(19284,992),
(19283,049),
(19282,626),
(19281,005),
(19280,294),
(19279,177),
(19278,194),
(19277,737),
(19276,818),
(19275,287),
(19274,102),
(19273,822),
(19272,014),
(19271,951),
(19270,601),
(19269,854),
(19268,081),
(19267,035),
(19266,461),
(19265,590),
(19264,669),
(19263,984),
(19262,785),
(19261,865),
(19260,162),
(19259,432),
(19258,511),
(19257,871),
(19256,474),
(19255,272),
(19254,618),
(19253,639),
(19252,416),
(19251,272),
(19250,171),
(19249,629),
(19248,311),
(19247,489),
(19246,427),
(19245,595),
(19244,090),
(19243,511),
(19242,892),
(19241,385),
(19240,894),
(19239,491),
(19238,410),
(19237,808),
(19236,021),
(19235,422),
(19234,245),
(19233,531),
(19232,772),
(19231,935),
(19230,630),
(19229,948),
(19228,978),
(19227,823),
(19226,396),
(19225,391),
(19224,093),
(19223,534),
(19222,909),
(19221,796),
(19220,329),
(19219,382),
(19218,649),
(19217,123),
(19216,658),
(19215,876),
(19214,921),
(19213,728),
(19212,772),
(19211,590),
(19210,773),
(19209,865),
(19208,857),
(19207,117),
(19206,917),
(19205,187),
(19204,562),
(19203,103),
(19202,823),
(19201,232),
(19200,471),
(19199,476),
(19198,257),
(19197,622),
(19196,645),
(19195,689),
(19194,318),
(19193,652),
(19192,729),
(19191,250),
(19190,170),
(19189,890),
(19188,316),
(19187,899),
(19186,547),
(19185,436),
(19184,449),
(19183,832),
(19182,761),
(19181,306),
(19180,248),
(19179,761),
(19178,774),
(19177,232),
(19176,096),
(19175,389),
(19174,399),
(19173,884),
(19172,752),
(19171,443),
(19170,364),
(19169,041),
(19168,703),
(19167,307),
(19166,865),
(19165,112),
(19164,797),
(19163,493),
(19162,610),
(19161,997),
(19160,465),
(19159,196),
(19158,721),
(19157,312),
(19156,659),
(19155,081),
(19154,378),
(19153,060),
(19152,285),
(19151,575),
(19150,966),
(19149,880),
(19148,191),
(19147,534),
(19146,374),
(19145,088),
(19144,489),
(19143,581),
(19142,083),
(19141,004),
(19140,154),
(19139,406),
(19138,007),
(19137,776),
(19136,939),
(19135,094),
(19134,419),
(19133,197),
(19132,593),
(19131,627),
(19130,725),
(19129,540),
(19128,064),
(19127,280),
(19126,189),
(19125,485),
(19124,270),
(19123,471),
(19122,692),
(19121,882),
(19120,911),
(19119,211),
(19118,620),
(19117,358),
(19116,824),
(19115,008),
(19114,949),
(19113,472),
(19112,545),
(19111,486),
(19110,303),
(19109,983),
(19108,309),
(19107,214),
(19106,384),
(19105,458),
(19104,461),
(19103,345),
(19102,056),
(19101,561),
(19100,388),
(19099,461),
(19098,549),
(19097,071),
(19096,912),
(19095,114),
(19094,088),
(19093,525),
(19092,512),
(19091,035),
(19090,785),
(19089,382),
(19088,381),
(19087,058),
(19086,349),
(19085,612),
(19084,302),
(19083,058),
(19082,595),
(19081,954),
(19080,316),
(19079,087),
(19078,239),
(19077,514),
(19076,214),
(19075,429),
(19074,842),
(19073,709),
(19072,921),
(19071,205),
(19070,755),
(19069,793),
(19068,550),
(19067,579),
(19066,257),
(19065,432),
(19064,752),
(19063,211),
(19062,848),
(19061,288),
(19060,239),
(19059,104),
(19058,417),
(19057,868),
(19056,252),
(19055,182),
(19054,374),
(19053,364),
(19052,577),
(19051,337),
(19050,811),
(19049,632),
(19048,161),
(19047,363),
(19046,231),
(19045,377),
(19044,105),
(19043,603),
(19042,328),
(19041,130),
(19040,301),
(19039,066),
(19038,048),
(19037,699),
(19036,507),
(19035,575),
(19034,808),
(19033,342),
(19032,848),
(19031,712),
(19030,838),
(19029,253),
(19028,501),
(19027,613),
(19026,185),
(19025,162),
(19024,588),
(19023,661),
(19022,074),
(19021,662),
(19020,821),
(19019,999),
(19018,170),
(19017,147),
(19016,591),
(19015,424),
(19014,023),
(19013,223),
(19012,541),
(19011,492),
(19010,425),
(19009,668),
(19008,987),
(19007,751),
(19006,148),
(19005,062),
(19004,241),
(19003,542),
(19002,754),
(19001,322),
(18358,329),
(18357,922),
(18356,188),
(18355,378),
(18354,469),
(18353,691),
(18352,068),
(18351,318),
(18350,892),
(18349,494),
(18348,144),
(18347,471),
(18346,596),
(18345,478),
(18344,887),
(18343,974),
(18342,078),
(18341,030),
(18340,695),
(18339,841),
(18338,575),
(18337,558),
(18336,210),
(18335,359),
(18334,454),
(18333,836),
(18332,965),
(18331,458),
(18330,236),
(18329,601),
(18328,629),
(18327,068),
(18326,531),
(18325,644),
(18324,034),
(18323,265),
(18322,434),
(18321,829),
(18320,329),
(18319,408),
(18318,346),
(18317,299),
(18316,731),
(18315,773),
(18314,867),
(18313,383),
(18312,115),
(18311,864),
(18310,367),
(18309,743),
(18308,412),
(18307,648),
(18306,000),
(18305,190),
(18304,020),
(18303,608),
(18302,199),
(18301,901),
(18300,094),
(18299,489),
(18298,253),
(18297,461),
(18296,030),
(18295,168),
(18294,832),
(18293,151),
(18292,459),
(18291,639),
(18290,535),
(18289,913),
(18288,274),
(18287,051),
(18286,931),
(18285,080),
(18284,858),
(18283,899),
(18282,780),
(18281,106),
(18280,951),
(18279,645),
(18278,812),
(18277,025),
(18276,418),
(18275,393),
(18274,656),
(18273,624),
(18272,078),
(18271,775),
(18270,959),
(18269,426),
(18268,187),
(18267,105),
(18266,697),
(18265,180),
(18264,190),
(18263,452),
(18262,367),
(18261,352),
(18260,664),
(18259,149),
(18258,045),
(18257,603),
(18256,147),
(18255,710),
(18254,021),
(18253,852),
(18252,578),
(18251,030),
(18250,917),
(18249,289),
(18248,939),
(18247,303),
(18246,916),
(18245,051),
(18244,649),
(18243,790),
(18242,097),
(18241,170),
(18240,492),
(18239,837),
(18238,392),
(18237,157),
(18236,703),
(18235,584),
(18234,505),
(18233,111),
(18232,531),
(18231,516),
(18230,764),
(18229,443),
(18228,829),
(18227,088),
(18226,929),
(18225,648),
(18224,791),
(18223,197),
(18222,323),
(18221,598),
(18220,208),
(18219,871),
(18218,877),
(18217,856),
(18216,890),
(18215,939),
(18214,817),
(18213,355),
(18212,515),
(18211,893),
(18210,956),
(18209,100),
(18208,175),
(18207,006),
(18206,267),
(18205,298),
(18204,713),
(18203,216),
(18202,224),
(18201,629),
(18200,598),
(18199,442),
(18198,893),
(18197,133),
(18196,332),
(18195,484),
(18194,605),
(18193,382),
(18192,939),
(18191,340),
(18190,031),
(18189,269),
(18188,068),
(18187,507),
(18186,350),
(18185,696),
(18184,261),
(18183,844),
(18182,400),
(18181,573),
(18180,433),
(18179,713),
(18178,528),
(18177,222),
(18176,207),
(18175,612),
(18174,019),
(18173,242),
(18172,247),
(18171,297),
(18170,127),
(18169,716),
(18168,275),
(18167,132),
(18166,061),
(18165,302),
(18164,610),
(18163,570),
(18162,260),
(18161,473),
(18160,108),
(18159,294),
(18158,300),
(18157,209),
(18156,322),
(18155,160),
(18154,031),
(18153,083),
(18152,469),
(18151,694),
(18150,675),
(18149,871),
(18148,819),
(18147,038),
(18146,623),
(18145,523),
(18144,019),
(18143,322),
(18142,949),
(18141,279),
(18140,680),
(18139,828),
(18138,153),
(18137,177),
(18136,064),
(18135,086),
(18134,299),
(18133,414),
(18132,470),
(18131,548),
(18130,989),
(18129,982),
(18128,229),
(18127,297),
(18126,478),
(18125,328),
(18124,141),
(18123,830),
(18122,137),
(18121,514),
(18120,442),
(18119,505),
(18118,786),
(18117,836),
(18116,820),
(18115,180),
(18114,887),
(18113,798),
(18112,256),
(18111,817),
(18110,746),
(18109,331),
(18108,010),
(18107,947),
(18106,960),
(18105,845),
(18104,767),
(18103,796),
(18102,938),
(18101,798),
(18100,830),
(18099,332),
(18098,394),
(18097,304),
(18096,475),
(18095,894),
(18094,734),
(18093,553),
(18092,153),
(18091,071),
(18090,942),
(18089,773),
(18088,212),
(18087,827),
(18086,391),
(18085,334),
(18084,554),
(18083,752),
(18082,574),
(18081,948),
(18080,749),
(18079,738),
(18078,294),
(18077,137),
(18076,328),
(18075,342),
(18074,941),
(18073,748),
(18072,412),
(18071,503),
(18070,890),
(18069,141),
(18068,911),
(18067,171),
(18066,226),
(18065,238),
(18064,234),
(18063,820),
(18062,836),
(18061,134),
(18060,774),
(18059,755),
(18058,497),
(18057,252),
(18056,446),
(18055,043),
(18054,663),
(18053,827),
(18052,958),
(18051,424),
(18050,780),
(18049,818),
(18048,444),
(18047,088),
(18046,551),
(18045,009),
(18044,237),
(18043,079),
(18042,537),
(18041,411),
(18040,478),
(18039,125),
(18038,947),
(18037,768),
(18036,693),
(18035,752),
(18034,263),
(18033,870),
(18032,860),
(18031,525),
(18030,753),
(18029,790),
(18028,313),
(18027,489),
(18026,476),
(18025,543),
(18024,506),
(18023,936),
(18022,656),
(18021,726),
(18020,921),
(18019,760),
(18018,174),
(18017,990),
(18016,374),
(18015,739),
(18014,161),
(18013,606),
(18012,437),
(18011,972),
(18010,167),
(18009,496),
(18008,447),
(18007,080),
(18006,869),
(18005,391),
(18004,416),
(18003,145),
(18002,644),
(18001,177),
(17358,951),
(17357,809),
(17356,952),
(17355,384),
(17354,187),
(17353,304),
(17352,994),
(17351,260),
(17350,128),
(17349,156),
(17348,087),
(17347,037),
(17346,103),
(17345,344),
(17344,365),
(17343,752),
(17342,386),
(17341,722),
(17340,112),
(17339,131),
(17338,279),
(17337,910),
(17336,340),
(17335,661),
(17334,181),
(17333,427),
(17332,321),
(17331,098),
(17330,385),
(17329,535),
(17328,621),
(17327,145),
(17326,723),
(17325,509),
(17324,828),
(17323,572),
(17322,173),
(17321,435),
(17320,036),
(17319,939),
(17318,883),
(17317,103),
(17316,202),
(17315,243),
(17314,580),
(17313,306),
(17312,598),
(17311,900),
(17310,761),
(17309,262),
(17308,891),
(17307,623),
(17306,125),
(17305,005),
(17304,444),
(17303,458),
(17302,902),
(17301,616),
(17300,754),
(17299,685),
(17298,099),
(17297,810),
(17296,318),
(17295,554),
(17294,418),
(17293,787),
(17292,946),
(17291,694),
(17290,423),
(17289,744),
(17288,756),
(17287,094),
(17286,481),
(17285,977),
(17284,618),
(17283,154),
(17282,302),
(17281,808),
(17280,797),
(17279,262),
(17278,057),
(17277,076),
(17276,093),
(17275,965),
(17274,946),
(17273,380),
(17272,921),
(17271,550),
(17270,141),
(17269,045),
(17268,317),
(17267,714),
(17266,151),
(17265,309),
(17264,680),
(17263,335),
(17262,391),
(17261,635),
(17260,929),
(17259,487),
(17258,871),
(17257,223),
(17256,132),
(17255,948),
(17254,915),
(17253,778),
(17252,178),
(17251,151),
(17250,856),
(17249,361),
(17248,849),
(17247,945),
(17246,111),
(17245,623),
(17244,832),
(17243,335),
(17242,893),
(17241,939),
(17240,517),
(17239,605),
(17238,921),
(17237,210),
(17236,515),
(17235,156),
(17234,466),
(17233,187),
(17232,844),
(17231,420),
(17230,674),
(17229,487),
(17228,389),
(17227,247),
(17226,335),
(17225,488),
(17224,634),
(17223,496),
(17222,707),
(17221,447),
(17220,643),
(17219,493),
(17218,573),
(17217,796),
(17216,871),
(17215,212),
(17214,423),
(17213,727),
(17212,002),
(17211,116),
(17210,911),
(17209,391),
(17208,108),
(17207,697),
(17206,375),
(17205,649),
(17204,232),
(17203,243),
(17202,461),
(17201,445),
(17200,935),
(17199,330),
(17198,754),
(17197,594),
(17196,436),
(17195,319),
(17194,625),
(17193,880),
(17192,279),
(17191,978),
(17190,446),
(17189,960),
(17188,209),
(17187,831),
(17186,967),
(17185,370),
(17184,129),
(17183,409),
(17182,975),
(17181,484),
(17180,586),
(17179,066),
(17178,303),
(17177,670),
(17176,602),
(17175,376),
(17174,960),
(17173,712),
(17172,496),
(17171,190),
(17170,544),
(17169,644),
(17168,175),
(17167,795),
(17166,644),
(17165,330),
(17164,447),
(17163,759),
(17162,814),
(17161,830),
(17160,946),
(17159,123),
(17158,083),
(17157,818),
(17156,007),
(17155,004),
(17154,215),
(17153,885),
(17152,802),
(17151,078),
(17150,529),
(17149,987),
(17148,152),
(17147,331),
(17146,942),
(17145,591),
(17144,239),
(17143,177),
(17142,013),
(17141,604),
(17140,204),
(17139,360),
(17138,020),
(17137,122),
(17136,510),
(17135,525),
(17134,697),
(17133,166),
(17132,305),
(17131,919),
(17130,589),
(17129,365),
(17128,452),
(17127,739),
(17126,258),
(17125,255),
(17124,081),
(17123,492),
(17122,486),
(17121,054),
(17120,458),
(17119,522),
(17118,499),
(17117,299),
(17116,213),
(17115,567),
(17114,681),
(17113,157),
(17112,686),
(17111,658),
(17110,815),
(17109,030),
(17108,727),
(17107,951),
(17106,402),
(17105,846),
(17104,782),
(17103,044),
(17102,059),
(17101,390),
(17100,813),
(17099,996),
(17098,228),
(17097,806),
(17096,809),
(17095,323),
(17094,098),
(17093,580),
(17092,759),
(17091,676),
(17090,283),
(17089,389),
(17088,561),
(17087,237),
(17086,944),
(17085,722),
(17084,836),
(17083,564),
(17082,553),
(17081,210),
(17080,188),
(17079,485),
(17078,633),
(17077,634),
(17076,389),
(17075,900),
(17074,656),
(17073,031),
(17072,948),
(17071,842),
(17070,333),
(17069,946),
(17068,217),
(17067,382),
(17066,848),
(17065,552),
(17064,165),
(17063,768),
(17062,887),
(17061,198),
(17060,546),
(17059,662),
(17058,730),
(17057,921),
(17056,232),
(17055,366),
(17054,702),
(17053,921),
(17052,159),
(17051,444),
(17050,307),
(17049,665),
(17048,164),
(17047,283),
(17046,887),
(17045,735),
(17044,138),
(17043,508),
(17042,149),
(17041,982),
(17040,395),
(17039,598),
(17038,823),
(17037,380),
(17036,472),
(17035,890),
(17034,895),
(17033,785),
(17032,738),
(17031,502),
(17030,896),
(17029,804),
(17028,955),
(17027,325),
(17026,081),
(17025,277),
(17024,043),
(17023,237),
(17022,677),
(17021,874),
(17020,526),
(17019,844),
(17018,397),
(17017,897),
(17016,796),
(17015,686),
(17014,428),
(17013,039),
(17012,059),
(17011,486),
(17010,261),
(17009,317),
(17008,597),
(17007,692),
(17006,426),
(17005,342),
(17004,616),
(17003,374),
(17002,758),
(17001,092),
(16359,896),
(16358,143),
(16357,222),
(16356,180),
(16355,719),
(16354,533),
(16353,453),
(16352,424),
(16351,475),
(16350,519),
(16349,154),
(16348,757),
(16347,589),
(16346,100),
(16345,562),
(16344,103),
(16343,807),
(16342,633),
(16341,039),
(16340,648),
(16339,548),
(16338,401),
(16337,528),
(16336,150),
(16335,538),
(16334,355),
(16333,975),
(16332,445),
(16331,673),
(16330,564),
(16329,951),
(16328,865),
(16327,656),
(16326,363),
(16325,668),
(16324,173),
(16323,840),
(16322,271),
(16321,606),
(16320,349),
(16319,419),
(16318,142),
(16317,886),
(16316,214),
(16315,497),
(16314,235),
(16313,314),
(16312,664),
(16311,841),
(16310,794),
(16309,225),
(16308,126),
(16307,586),
(16306,740),
(16305,368),
(16304,470),
(16303,751),
(16302,518),
(16301,888),
(16300,189),
(16299,517),
(16298,733),
(16297,853),
(16296,479),
(16295,392),
(16294,612),
(16293,804),
(16292,240),
(16291,196),
(16290,631),
(16289,736),
(16288,430),
(16287,890),
(16286,623),
(16285,728),
(16284,467),
(16283,004),
(16282,828),
(16281,136),
(16280,802),
(16279,506),
(16278,232),
(16277,584),
(16276,964),
(16275,820),
(16274,905),
(16273,583),
(16272,196),
(16271,875),
(16270,042),
(16269,221),
(16268,076),
(16267,141),
(16266,640),
(16265,695),
(16264,671),
(16263,110),
(16262,358),
(16261,994),
(16260,038),
(16259,396),
(16258,961),
(16257,389),
(16256,137),
(16255,335),
(16254,652),
(16253,691),
(16252,459),
(16251,306),
(16250,162),
(16249,973),
(16248,727),
(16247,882),
(16246,782),
(16245,389),
(16244,153),
(16243,416),
(16242,752),
(16241,320),
(16240,639),
(16239,585),
(16238,543),
(16237,284),
(16236,263),
(16235,450),
(16234,976),
(16233,568),
(16232,916),
(16231,285),
(16230,566),
(16229,042),
(16228,865),
(16227,397),
(16226,016),
(16225,636),
(16224,656),
(16223,063),
(16222,425),
(16221,612),
(16220,073),
(16219,047),
(16218,900),
(16217,449),
(16216,398),
(16215,787),
(16214,709),
(16213,658),
(16212,693),
(16211,463),
(16210,305),
(16209,299),
(16208,284),
(16207,775),
(16206,788),
(16205,435),
(16204,244),
(16203,044),
(16202,584),
(16201,374),
(16200,583),
(16199,510),
(16198,289),
(16197,300),
(16196,339),
(16195,024),
(16194,557),
(16193,783),
(16192,325),
(16191,208),
(16190,026),
(16189,131),
(16188,842),
(16187,307),
(16186,811),
(16185,542),
(16184,359),
(16183,573),
(16182,200),
(16181,437),
(16180,632),
(16179,456),
(16178,900),
(16177,585),
(16176,765),
(16175,630),
(16174,111),
(16173,262),
(16172,760),
(16171,058),
(16170,409),
(16169,196),
(16168,900),
(16167,969),
(16166,412),
(16165,571),
(16164,723),
(16163,970),
(16162,708),
(16161,845),
(16160,657),
(16159,835),
(16158,617),
(16157,603),
(16156,316),
(16155,999),
(16154,712),
(16153,622),
(16152,125),
(16151,616),
(16150,114),
(16149,757),
(16148,787),
(16147,976),
(16146,145),
(16145,014),
(16144,568),
(16143,112),
(16142,347),
(16141,720),
(16140,656),
(16139,188),
(16138,133),
(16137,966),
(16136,665),
(16135,144),
(16134,923),
(16133,711),
(16132,491),
(16131,665),
(16130,247),
(16129,405),
(16128,744),
(16127,997),
(16126,063),
(16125,201),
(16124,856),
(16123,147),
(16122,436),
(16121,564),
(16120,877),
(16119,139),
(16118,369),
(16117,945),
(16116,488),
(16115,002),
(16114,218),
(16113,297),
(16112,611),
(16111,476),
(16110,772),
(16109,071),
(16108,236),
(16107,240),
(16106,037),
(16105,611),
(16104,219),
(16103,762),
(16102,885),
(16101,603),
(16100,037),
(16099,332),
(16098,982),
(16097,111),
(16096,410),
(16095,869),
(16094,960),
(16093,982),
(16092,273),
(16091,133),
(16090,867),
(16089,983),
(16088,547),
(16087,917),
(16086,065),
(16085,997),
(16084,023),
(16083,234),
(16082,748),
(16081,150),
(16080,670),
(16079,390),
(16078,467),
(16077,782),
(16076,606),
(16075,637),
(16074,951),
(16073,972),
(16072,299),
(16071,530),
(16070,789),
(16069,995),
(16068,013),
(16067,445),
(16066,455),
(16065,016),
(16064,455),
(16063,491),
(16062,477),
(16061,675),
(16060,686),
(16059,078),
(16058,119),
(16057,764),
(16056,665),
(16055,323),
(16054,736),
(16053,447),
(16052,792),
(16051,102),
(16050,140),
(16049,618),
(16048,337),
(16047,132),
(16046,126),
(16045,612),
(16044,012),
(16043,944),
(16042,729),
(16041,720),
(16040,047),
(16039,503),
(16038,823),
(16037,624),
(16036,258),
(16035,051),
(16034,102),
(16033,002),
(16032,555),
(16031,457),
(16030,988),
(16029,225),
(16028,262),
(16027,729),
(16026,403),
(16025,500),
(16024,091),
(16023,041),
(16022,744),
(16021,402),
(16020,693),
(16019,883),
(16018,646),
(16017,861),
(16016,841),
(16015,686),
(16014,925),
(16013,019),
(16012,530),
(16011,461),
(16010,823),
(16009,648),
(16008,967),
(16007,174),
(16006,101),
(16005,439),
(16004,543),
(16003,573),
(16002,567),
(16001,828),
(15358,009),
(15357,432),
(15356,397),
(15355,871),
(15354,391),
(15353,349),
(15352,918),
(15351,974),
(15350,813),
(15349,750),
(15348,878),
(15347,145),
(15346,701),
(15345,293),
(15344,253),
(15343,580),
(15342,596),
(15341,664),
(15340,828),
(15339,997),
(15338,909),
(15337,913),
(15336,658),
(15335,562),
(15334,052),
(15333,388),
(15332,690),
(15331,780),
(15330,056),
(15329,675),
(15328,497),
(15327,429),
(15326,875),
(15325,929),
(15324,793),
(15323,169),
(15322,644),
(15321,836),
(15320,884),
(15319,619),
(15318,349),
(15317,812),
(15316,021),
(15315,750),
(15314,065),
(15313,555),
(15312,435),
(15311,233),
(15310,257),
(15309,003),
(15308,379),
(15307,069),
(15306,217),
(15305,549),
(15304,271),
(15303,441),
(15302,642),
(15301,449),
(15300,845),
(15299,627),
(15298,594),
(15297,440),
(15296,905),
(15295,305),
(15294,041),
(15293,432),
(15292,296),
(15291,120),
(15290,064),
(15289,529),
(15288,842),
(15287,050),
(15286,074),
(15285,421),
(15284,632),
(15283,234),
(15282,492),
(15281,090),
(15280,988),
(15279,217),
(15278,011),
(15277,483),
(15276,891),
(15275,934),
(15274,306),
(15273,254),
(15272,419),
(15271,979),
(15270,115),
(15269,258),
(15268,808),
(15267,652),
(15266,084),
(15265,925),
(15264,173),
(15263,216),
(15262,252),
(15261,833),
(15260,258),
(15259,952),
(15258,374),
(15257,023),
(15256,156),
(15255,430),
(15254,343),
(15253,292),
(15252,451),
(15251,494),
(15250,713),
(15249,461),
(15248,251),
(15247,065),
(15246,778),
(15245,987),
(15244,350),
(15243,008),
(15242,678),
(15241,651),
(15240,689),
(15239,931),
(15238,127),
(15237,304),
(15236,910),
(15235,465),
(15234,436),
(15233,983),
(15232,532),
(15231,509),
(15230,727),
(15229,991),
(15228,312),
(15227,442),
(15226,440),
(15225,859),
(15224,641),
(15223,387),
(15222,438),
(15221,781),
(15220,328),
(15219,192),
(15218,232),
(15217,242),
(15216,254),
(15215,154),
(15214,190),
(15213,055),
(15212,614),
(15211,951),
(15210,728),
(15209,727),
(15208,353),
(15207,338),
(15206,881),
(15205,212),
(15204,068),
(15203,647),
(15202,395),
(15201,063),
(15200,934),
(15199,867),
(15198,313),
(15197,402),
(15196,862),
(15195,946),
(15194,277),
(15193,702),
(15192,666),
(15191,514),
(15190,688),
(15189,762),
(15188,319),
(15187,058),
(15186,785),
(15185,798),
(15184,291),
(15183,653),
(15182,784),
(15181,868),
(15180,020),
(15179,535),
(15178,720),
(15177,070),
(15176,762),
(15175,616),
(15174,934),
(15173,537),
(15172,406),
(15171,410),
(15170,900),
(15169,160),
(15168,744),
(15167,356),
(15166,533),
(15165,389),
(15164,392),
(15163,646),
(15162,076),
(15161,662),
(15160,173),
(15159,722),
(15158,763),
(15157,084),
(15156,973),
(15155,405),
(15154,224),
(15153,088),
(15152,681),
(15151,455),
(15150,775),
(15149,084),
(15148,161),
(15147,075),
(15146,318),
(15145,627),
(15144,054),
(15143,240),
(15142,296),
(15141,929),
(15140,677),
(15139,811),
(15138,473),
(15137,229),
(15136,884),
(15135,027),
(15134,156),
(15133,956),
(15132,393),
(15131,774),
(15130,512),
(15129,232),
(15128,892),
(15127,081),
(15126,211),
(15125,544),
(15124,513),
(15123,590),
(15122,675),
(15121,640),
(15120,874),
(15119,614),
(15118,273),
(15117,760),
(15116,768),
(15115,623),
(15114,310),
(15113,777),
(15112,971),
(15111,972),
(15110,824),
(15109,649),
(15108,865),
(15107,710),
(15106,688),
(15105,700),
(15104,986),
(15103,499),
(15102,395),
(15101,633),
(15100,536),
(15099,771),
(15098,413),
(15097,688),
(15096,218),
(15095,237),
(15094,546),
(15093,602),
(15092,703),
(15091,795),
(15090,684),
(15089,654),
(15088,108),
(15087,013),
(15086,930),
(15085,416),
(15084,941),
(15083,013),
(15082,255),
(15081,603),
(15080,320),
(15079,528),
(15078,114),
(15077,965),
(15076,937),
(15075,423),
(15074,441),
(15073,942),
(15072,793),
(15071,759),
(15070,418),
(15069,986),
(15068,559),
(15067,718),
(15066,208),
(15065,696),
(15064,527),
(15063,138),
(15062,068),
(15061,918),
(15060,447),
(15059,024),
(15058,889),
(15057,779),
(15056,813),
(15055,969),
(15054,063),
(15053,747),
(15052,598),
(15051,951),
(15050,039),
(15049,251),
(15048,085),
(15047,800),
(15046,305),
(15045,577),
(15044,725),
(15043,751),
(15042,232),
(15041,538),
(15040,466),
(15039,548),
(15038,922),
(15037,151),
(15036,871),
(15035,674),
(15034,049),
(15033,986),
(15032,413),
(15031,524),
(15030,820),
(15029,927),
(15028,357),
(15027,281),
(15026,833),
(15025,381),
(15024,606),
(15023,496),
(15022,758),
(15021,339),
(15020,216),
(15019,914),
(15018,831),
(15017,880),
(15016,290),
(15015,845),
(15014,403),
(15013,412),
(15012,864),
(15011,318),
(15010,862),
(15009,574),
(15008,613),
(15007,039),
(15006,947),
(15005,693),
(15004,142),
(15003,524),
(15002,749),
(15001,397),
(14357,362),
(14356,786),
(14355,950),
(14354,069),
(14353,355),
(14352,060),
(14351,688),
(14350,266),
(14349,661),
(14348,168),
(14347,982),
(14346,204),
(14345,512),
(14344,097),
(14343,687),
(14342,976),
(14341,711),
(14340,129),
(14339,589),
(14338,398),
(14337,662),
(14336,753),
(14335,901),
(14334,394),
(14333,695),
(14332,666),
(14331,713),
(14330,780),
(14329,359),
(14328,543),
(14327,354),
(14326,881),
(14325,037),
(14324,589),
(14323,826),
(14322,969),
(14321,652),
(14320,236),
(14319,696),
(14318,594),
(14317,059),
(14316,371),
(14315,153),
(14314,795),
(14313,402),
(14312,377),
(14311,296),
(14310,489),
(14309,382),
(14308,180),
(14307,296),
(14306,131),
(14305,004),
(14304,750),
(14303,078),
(14302,862),
(14301,524),
(14300,290),
(14299,532),
(14298,280),
(14297,888),
(14296,399),
(14295,794),
(14294,815),
(14293,359),
(14292,841),
(14291,488),
(14290,433),
(14289,048),
(14288,245),
(14287,275),
(14286,988),
(14285,826),
(14284,018),
(14283,343),
(14282,590),
(14281,794),
(14280,131),
(14279,592),
(14278,739),
(14277,513),
(14276,497),
(14275,286),
(14274,475),
(14273,585),
(14272,417),
(14271,770),
(14270,658),
(14269,032),
(14268,740),
(14267,149),
(14266,506),
(14265,459),
(14264,107),
(14263,857),
(14262,219),
(14261,412),
(14260,366),
(14259,110),
(14258,452),
(14257,666),
(14256,771),
(14255,691),
(14254,924),
(14253,441),
(14252,557),
(14251,421),
(14250,177),
(14249,810),
(14248,441),
(14247,229),
(14246,222),
(14245,619),
(14244,302),
(14243,799),
(14242,245),
(14241,858),
(14240,864),
(14239,724),
(14238,419),
(14237,685),
(14236,841),
(14235,748),
(14234,071),
(14233,921),
(14232,614),
(14231,463),
(14230,083),
(14229,474),
(14228,243),
(14227,326),
(14226,193),
(14225,792),
(14224,696),
(14223,804),
(14222,504),
(14221,272),
(14220,449),
(14219,295),
(14218,808),
(14217,137),
(14216,033),
(14215,609),
(14214,214),
(14213,775),
(14212,056),
(14211,205),
(14210,405),
(14209,712),
(14208,778),
(14207,147),
(14206,906),
(14205,907),
(14204,564),
(14203,411),
(14202,475),
(14201,834),
(14200,025),
(14199,251),
(14198,893),
(14197,974),
(14196,460),
(14195,840),
(14194,046),
(14193,513),
(14192,539),
(14191,757),
(14190,537),
(14189,550),
(14188,302),
(14187,326),
(14186,605),
(14185,452),
(14184,523),
(14183,774),
(14182,753),
(14181,727),
(14180,759),
(14179,264),
(14178,909),
(14177,580),
(14176,034),
(14175,691),
(14174,409),
(14173,888),
(14172,959),
(14171,630),
(14170,257),
(14169,104),
(14168,198),
(14167,765),
(14166,099),
(14165,152),
(14164,993),
(14163,302),
(14162,729),
(14161,550),
(14160,928),
(14159,090),
(14158,370),
(14157,079),
(14156,159),
(14155,213),
(14154,268),
(14153,308),
(14152,028),
(14151,987),
(14150,028),
(14149,689),
(14148,295),
(14147,142),
(14146,818),
(14145,415),
(14144,865),
(14143,675),
(14142,656),
(14141,810),
(14140,766),
(14139,138),
(14138,387),
(14137,558),
(14136,268),
(14135,144),
(14134,633),
(14133,006),
(14132,351),
(14131,594),
(14130,014),
(14129,088),
(14128,215),
(14127,227),
(14126,848),
(14125,147),
(14124,395),
(14123,831),
(14122,203),
(14121,580),
(14120,244),
(14119,904),
(14118,194),
(14117,895),
(14116,906),
(14115,165),
(14114,214),
(14113,758),
(14112,013),
(14111,905),
(14110,475),
(14109,652),
(14108,168),
(14107,639),
(14106,082),
(14105,490),
(14104,576),
(14103,832),
(14102,750),
(14101,109),
(14100,269),
(14099,464),
(14098,139),
(14097,774),
(14096,216),
(14095,775),
(14094,189),
(14093,196),
(14092,508),
(14091,496),
(14090,838),
(14089,660),
(14088,571),
(14087,844),
(14086,795),
(14085,243),
(14084,987),
(14083,093),
(14082,324),
(14081,206),
(14080,587),
(14079,794),
(14078,467),
(14077,747),
(14076,382),
(14075,414),
(14074,500),
(14073,042),
(14072,488),
(14071,292),
(14070,119),
(14069,064),
(14068,102),
(14067,318),
(14066,003),
(14065,290),
(14064,218),
(14063,478),
(14062,382),
(14061,225),
(14060,932),
(14059,429),
(14058,322),
(14057,501),
(14056,678),
(14055,807),
(14054,725),
(14053,812),
(14052,032),
(14051,536),
(14050,424),
(14049,908),
(14048,861),
(14047,898),
(14046,584),
(14045,747),
(14044,354),
(14043,501),
(14042,363),
(14041,725),
(14040,901),
(14039,922),
(14038,291),
(14037,185),
(14036,104),
(14035,467),
(14034,518),
(14033,949),
(14032,266),
(14031,891),
(14030,405),
(14029,605),
(14028,440),
(14027,727),
(14026,107),
(14025,207),
(14024,224),
(14023,649),
(14022,603),
(14021,354),
(14020,182),
(14019,430),
(14018,021),
(14017,071),
(14016,982),
(14015,175),
(14014,535),
(14013,600),
(14012,902),
(14011,537),
(14010,416),
(14009,618),
(14008,134),
(14007,424),
(14006,344),
(14005,121),
(14004,929),
(14003,612),
(14002,375),
(14001,963),
(13358,988),
(13357,154),
(13356,800),
(13355,030),
(13354,997),
(13353,589),
(13352,454),
(13351,211),
(13350,052),
(13349,833),
(13348,566),
(13347,797),
(13346,767),
(13345,067),
(13344,110),
(13343,661),
(13342,254),
(13341,156),
(13340,414),
(13339,958),
(13338,549),
(13337,326),
(13336,166),
(13335,852),
(13334,439),
(13333,665),
(13332,726),
(13331,189),
(13330,893),
(13329,358),
(13328,901),
(13327,775),
(13326,331),
(13325,775),
(13324,169),
(13323,525),
(13322,157),
(13321,800),
(13320,388),
(13319,918),
(13318,780),
(13317,455),
(13316,832),
(13315,497),
(13314,700),
(13313,713),
(13312,469),
(13311,694),
(13310,873),
(13309,308),
(13308,257),
(13307,598),
(13306,120),
(13305,238),
(13304,014),
(13303,820),
(13302,316),
(13301,376),
(13300,192),
(13299,087),
(13298,337),
(13297,389),
(13296,557),
(13295,820),
(13294,732),
(13293,421),
(13292,949),
(13291,556),
(13290,663),
(13289,607),
(13288,926),
(13287,909),
(13286,247),
(13285,571),
(13284,854),
(13283,314),
(13282,901),
(13281,997),
(13280,575),
(13279,900),
(13278,393),
(13277,453),
(13276,845),
(13275,165),
(13274,695),
(13273,418),
(13272,690),
(13271,791),
(13270,253),
(13269,305),
(13268,831),
(13267,915),
(13266,926),
(13265,821),
(13264,035),
(13263,521),
(13262,433),
(13261,563),
(13260,854),
(13259,044),
(13258,930),
(13257,627),
(13256,286),
(13255,015),
(13254,838),
(13253,687),
(13252,978),
(13251,659),
(13250,714),
(13249,690),
(13248,477),
(13247,673),
(13246,274),
(13245,304),
(13244,642),
(13243,481),
(13242,511),
(13241,866),
(13240,751),
(13239,692),
(13238,695),
(13237,682),
(13236,557),
(13235,909),
(13234,565),
(13233,422),
(13232,647),
(13231,059),
(13230,452),
(13229,290),
(13228,756),
(13227,559),
(13226,083),
(13225,952),
(13224,000),
(13223,571),
(13222,605),
(13221,609),
(13220,300),
(13219,527),
(13218,147),
(13217,898),
(13216,005),
(13215,541),
(13214,779),
(13213,338),
(13212,143),
(13211,734),
(13210,539),
(13209,562),
(13208,421),
(13207,959),
(13206,173),
(13205,843),
(13204,499),
(13203,031),
(13202,137),
(13201,228),
(13200,468),
(13199,661),
(13198,553),
(13197,280),
(13196,666),
(13195,500),
(13194,508),
(13193,775),
(13192,556),
(13191,473),
(13190,157),
(13189,295),
(13188,654),
(13187,266),
(13186,592),
(13185,286),
(13184,829),
(13183,452),
(13182,658),
(13181,153),
(13180,669),
(13179,511),
(13178,624),
(13177,396),
(13176,641),
(13175,652),
(13174,261),
(13173,384),
(13172,219),
(13171,027),
(13170,478),
(13169,273),
(13168,844),
(13167,341),
(13166,444),
(13165,581),
(13164,951),
(13163,142),
(13162,199),
(13161,133),
(13160,036),
(13159,554),
(13158,470),
(13157,588),
(13156,128),
(13155,096),
(13154,954),
(13153,270),
(13152,438),
(13151,876),
(13150,036),
(13149,936),
(13148,803),
(13147,622),
(13146,721),
(13145,280),
(13144,152),
(13143,862),
(13142,914),
(13141,462),
(13140,857),
(13139,032),
(13138,040),
(13137,102),
(13136,568),
(13135,349),
(13134,260),
(13133,022),
(13132,104),
(13131,392),
(13130,043),
(13129,086),
(13128,082),
(13127,539),
(13126,630),
(13125,443),
(13124,363),
(13123,057),
(13122,877),
(13121,565),
(13120,290),
(13119,099),
(13118,405),
(13117,829),
(13116,047),
(13115,988),
(13114,246),
(13113,593),
(13112,606),
(13111,181),
(13110,164),
(13109,062),
(13108,320),
(13107,760),
(13106,511),
(13105,820),
(13104,845),
(13103,979),
(13102,862),
(13101,238),
(13100,764),
(13099,078),
(13098,249),
(13097,493),
(13096,342),
(13095,502),
(13094,502),
(13093,473),
(13092,691),
(13091,022),
(13090,143),
(13089,030),
(13088,806),
(13087,007),
(13086,679),
(13085,527),
(13084,125),
(13083,752),
(13082,546),
(13081,842),
(13080,237),
(13079,154),
(13078,666),
(13077,911),
(13076,545),
(13075,954),
(13074,858),
(13073,043),
(13072,330),
(13071,040),
(13070,149),
(13069,119),
(13068,244),
(13067,044),
(13066,158),
(13065,222),
(13064,465),
(13063,882),
(13062,143),
(13061,106),
(13060,530),
(13059,954),
(13058,248),
(13057,639),
(13056,481),
(13055,053),
(13054,732),
(13053,212),
(13052,642),
(13051,652),
(13050,221),
(13049,728),
(13048,263),
(13047,072),
(13046,446),
(13045,299),
(13044,731),
(13043,530),
(13042,091),
(13041,986),
(13040,898),
(13039,911),
(13038,806),
(13037,365),
(13036,921),
(13035,446),
(13034,690),
(13033,325),
(13032,898),
(13031,593),
(13030,354),
(13029,722),
(13028,072),
(13027,490),
(13026,895),
(13025,322),
(13024,859),
(13023,672),
(13022,744),
(13021,719),
(13020,963),
(13019,567),
(13018,824),
(13017,359),
(13016,708),
(13015,647),
(13014,266),
(13013,292),
(13012,760),
(13011,618),
(13010,688),
(13009,574),
(13008,599),
(13007,626),
(13006,853),
(13005,468),
(13004,184),
(13003,724),
(13002,599),
(13001,524),
(12359,146),
(12358,012),
(12357,111),
(12356,462),
(12355,369),
(12354,183),
(12353,469),
(12352,944),
(12351,992),
(12350,896),
(12349,041),
(12348,821),
(12347,419),
(12346,437),
(12345,390),
(12344,488),
(12343,722),
(12342,492),
(12341,472),
(12340,654),
(12339,274),
(12338,331),
(12337,462),
(12336,557),
(12335,893),
(12334,524),
(12333,025),
(12332,822),
(12331,089),
(12330,219),
(12329,611),
(12328,814),
(12327,446),
(12326,896),
(12325,104),
(12324,888),
(12323,899),
(12322,176),
(12321,133),
(12320,009),
(12319,051),
(12318,836),
(12317,177),
(12316,708),
(12315,007),
(12314,624),
(12313,138),
(12312,056),
(12311,644),
(12310,644),
(12309,287),
(12308,299),
(12307,687),
(12306,337),
(12305,721),
(12304,419),
(12303,585),
(12302,343),
(12301,579),
(12300,954),
(12299,087),
(12298,833),
(12297,814),
(12296,489),
(12295,295),
(12294,137),
(12293,086),
(12292,203),
(12291,021),
(12290,974),
(12289,884),
(12288,576),
(12287,231),
(12286,044),
(12285,605),
(12284,560),
(12283,154),
(12282,010),
(12281,096),
(12280,063),
(12279,954),
(12278,663),
(12277,911),
(12276,179),
(12275,361),
(12274,567),
(12273,706),
(12272,973),
(12271,656),
(12270,521),
(12269,153),
(12268,630),
(12267,446),
(12266,100),
(12265,865),
(12264,092),
(12263,436),
(12262,506),
(12261,686),
(12260,457),
(12259,081),
(12258,794),
(12257,355),
(12256,092),
(12255,404),
(12254,679),
(12253,893),
(12252,892),
(12251,108),
(12250,999),
(12249,575),
(12248,940),
(12247,114),
(12246,571),
(12245,232),
(12244,453),
(12243,145),
(12242,968),
(12241,502),
(12240,063),
(12239,071),
(12238,097),
(12237,049),
(12236,929),
(12235,460),
(12234,611),
(12233,250),
(12232,147),
(12231,763),
(12230,644),
(12229,461),
(12228,081),
(12227,721),
(12226,010),
(12225,453),
(12224,540),
(12223,360),
(12222,240),
(12221,335),
(12220,099),
(12219,935),
(12218,170),
(12217,871),
(12216,775),
(12215,038),
(12214,321),
(12213,681),
(12212,144),
(12211,427),
(12210,574),
(12209,227),
(12208,757),
(12207,790),
(12206,608),
(12205,978),
(12204,361),
(12203,176),
(12202,102),
(12201,790),
(12200,282),
(12199,849),
(12198,112),
(12197,546),
(12196,993),
(12195,213),
(12194,159),
(12193,269),
(12192,576),
(12191,584),
(12190,313),
(12189,418),
(12188,638),
(12187,962),
(12186,673),
(12185,460),
(12184,169),
(12183,795),
(12182,456),
(12181,693),
(12180,990),
(12179,145),
(12178,357),
(12177,018),
(12176,400),
(12175,058),
(12174,218),
(12173,597),
(12172,437),
(12171,735),
(12170,788),
(12169,720),
(12168,651),
(12167,289),
(12166,862),
(12165,046),
(12164,718),
(12163,693),
(12162,243),
(12161,532),
(12160,970),
(12159,957),
(12158,772),
(12157,599),
(12156,440),
(12155,895),
(12154,206),
(12153,383),
(12152,739),
(12151,613),
(12150,598),
(12149,940),
(12148,524),
(12147,568),
(12146,728),
(12145,856),
(12144,278),
(12143,990),
(12142,967),
(12141,250),
(12140,044),
(12139,719),
(12138,384),
(12137,882),
(12136,720),
(12135,569),
(12134,049),
(12133,638),
(12132,626),
(12131,586),
(12130,211),
(12129,921),
(12128,178),
(12127,205),
(12126,281),
(12125,678),
(12124,901),
(12123,622),
(12122,474),
(12121,670),
(12120,469),
(12119,836),
(12118,804),
(12117,042),
(12116,471),
(12115,029),
(12114,079),
(12113,432),
(12112,750),
(12111,461),
(12110,704),
(12109,241),
(12108,399),
(12107,269),
(12106,682),
(12105,542),
(12104,388),
(12103,273),
(12102,955),
(12101,377),
(12100,489),
(12099,105),
(12098,611),
(12097,682),
(12096,749),
(12095,956),
(12094,608),
(12093,671),
(12092,739),
(12091,835),
(12090,682),
(12089,221),
(12088,535),
(12087,684),
(12086,716),
(12085,478),
(12084,238),
(12083,688),
(12082,990),
(12081,399),
(12080,772),
(12079,010),
(12078,660),
(12077,412),
(12076,078),
(12075,989),
(12074,276),
(12073,464),
(12072,998),
(12071,613),
(12070,300),
(12069,721),
(12068,925),
(12067,422),
(12066,084),
(12065,363),
(12064,831),
(12063,773),
(12062,350),
(12061,713),
(12060,424),
(12059,346),
(12058,259),
(12057,691),
(12056,143),
(12055,066),
(12054,057),
(12053,535),
(12052,841),
(12051,467),
(12050,778),
(12049,044),
(12048,833),
(12047,496),
(12046,373),
(12045,421),
(12044,683),
(12043,352),
(12042,841),
(12041,341),
(12040,818),
(12039,855),
(12038,528),
(12037,443),
(12036,034),
(12035,274),
(12034,741),
(12033,127),
(12032,503),
(12031,988),
(12030,665),
(12029,779),
(12028,689),
(12027,006),
(12026,833),
(12025,997),
(12024,334),
(12023,741),
(12022,644),
(12021,138),
(12020,019),
(12019,855),
(12018,465),
(12017,515),
(12016,765),
(12015,234),
(12014,085),
(12013,349),
(12012,413),
(12011,914),
(12010,039),
(12009,316),
(12008,824),
(12007,682),
(12006,364),
(12005,609),
(12004,989),
(12003,181),
(12002,409),
(12001,003),
(11358,725),
(11357,239),
(11356,470),
(11355,518),
(11354,301),
(11353,068),
(11352,142),
(11351,300),
(11350,927),
(11349,000),
(11348,227),
(11347,290),
(11346,494),
(11345,296),
(11344,360),
(11343,961),
(11342,204),
(11341,874),
(11340,973),
(11339,514),
(11338,888),
(11337,387),
(11336,747),
(11335,436),
(11334,803),
(11333,352),
(11332,897),
(11331,943),
(11330,888),
(11329,648),
(11328,811),
(11327,465),
(11326,092),
(11325,039),
(11324,156),
(11323,472),
(11322,368),
(11321,365),
(11320,870),
(11319,356),
(11318,413),
(11317,492),
(11316,538),
(11315,374),
(11314,783),
(11313,466),
(11312,365),
(11311,094),
(11310,825),
(11309,773),
(11308,669),
(11307,990),
(11306,626),
(11305,116),
(11304,322),
(11303,107),
(11302,496),
(11301,641),
(11300,822),
(11299,006),
(11298,099),
(11297,458),
(11296,833),
(11295,329),
(11294,959),
(11293,256),
(11292,393),
(11291,093),
(11290,604),
(11289,504),
(11288,629),
(11287,672),
(11286,231),
(11285,264),
(11284,205),
(11283,905),
(11282,893),
(11281,214),
(11280,875),
(11279,382),
(11278,951),
(11277,324),
(11276,880),
(11275,059),
(11274,359),
(11273,832),
(11272,946),
(11271,014),
(11270,155),
(11269,876),
(11268,378),
(11267,786),
(11266,498),
(11265,498),
(11264,379),
(11263,503),
(11262,925),
(11261,587),
(11260,653),
(11259,867),
(11258,370),
(11257,161),
(11256,985),
(11255,546),
(11254,853),
(11253,610),
(11252,432),
(11251,431),
(11250,343),
(11249,756),
(11248,442),
(11247,430),
(11246,014),
(11245,310),
(11244,962),
(11243,721),
(11242,967),
(11241,648),
(11240,086),
(11239,882),
(11238,013),
(11237,372),
(11236,737),
(11235,304),
(11234,093),
(11233,561),
(11232,923),
(11231,853),
(11230,874),
(11229,105),
(11228,324),
(11227,821),
(11226,632),
(11225,886),
(11224,478),
(11223,677),
(11222,435),
(11221,369),
(11220,604),
(11219,547),
(11218,905),
(11217,607),
(11216,506),
(11215,797),
(11214,254),
(11213,806),
(11212,331),
(11211,326),
(11210,976),
(11209,281),
(11208,615),
(11207,648),
(11206,852),
(11205,675),
(11204,587),
(11203,583),
(11202,633),
(11201,679),
(11200,769),
(11199,004),
(11198,668),
(11197,318),
(11196,708),
(11195,861),
(11194,889),
(11193,700),
(11192,812),
(11191,419),
(11190,125),
(11189,003),
(11188,768),
(11187,812),
(11186,775),
(11185,457),
(11184,039),
(11183,793),
(11182,262),
(11181,599),
(11180,553),
(11179,123),
(11178,190),
(11177,843),
(11176,572),
(11175,909),
(11174,310),
(11173,917),
(11172,266),
(11171,991),
(11170,353),
(11169,520),
(11168,297),
(11167,462),
(11166,826),
(11165,578),
(11164,689),
(11163,378),
(11162,239),
(11161,815),
(11160,713),
(11159,896),
(11158,104),
(11157,419),
(11156,241),
(11155,652),
(11154,765),
(11153,629),
(11152,974),
(11151,985),
(11150,865),
(11149,884),
(11148,589),
(11147,887),
(11146,379),
(11145,107),
(11144,124),
(11143,052),
(11142,889),
(11141,639),
(11140,807),
(11139,538),
(11138,907),
(11137,243),
(11136,396),
(11135,437),
(11134,419),
(11133,487),
(11132,652),
(11131,233),
(11130,059),
(11129,420),
(11128,733),
(11127,543),
(11126,299),
(11125,327),
(11124,774),
(11123,535),
(11122,033),
(11121,649),
(11120,983),
(11119,295),
(11118,075),
(11117,704),
(11116,740),
(11115,375),
(11114,398),
(11113,733),
(11112,098),
(11111,252),
(11110,351),
(11109,222),
(11108,330),
(11107,924),
(11106,650),
(11105,700),
(11104,589),
(11103,472),
(11102,909),
(11101,275),
(11100,232),
(11099,829),
(11098,187),
(11097,679),
(11096,097),
(11095,844),
(11094,159),
(11093,500),
(11092,749),
(11091,222),
(11090,087),
(11089,124),
(11088,670),
(11087,092),
(11086,941),
(11085,995),
(11084,252),
(11083,835),
(11082,171),
(11081,748),
(11080,943),
(11079,823),
(11078,544),
(11077,787),
(11076,667),
(11075,953),
(11074,784),
(11073,063),
(11072,799),
(11071,071),
(11070,892),
(11069,285),
(11068,500),
(11067,413),
(11066,079),
(11065,721),
(11064,690),
(11063,141),
(11062,628),
(11061,416),
(11060,144),
(11059,398),
(11058,664),
(11057,366),
(11056,609),
(11055,835),
(11054,760),
(11053,835),
(11052,509),
(11051,684),
(11050,067),
(11049,459),
(11048,621),
(11047,367),
(11046,909),
(11045,579),
(11044,416),
(11043,286),
(11042,337),
(11041,449),
(11040,117),
(11039,260),
(11038,016),
(11037,705),
(11036,163),
(11035,744),
(11034,489),
(11033,062),
(11032,349),
(11031,864),
(11030,493),
(11029,365),
(11028,134),
(11027,212),
(11026,797),
(11025,352),
(11024,487),
(11023,741),
(11022,008),
(11021,578),
(11020,578),
(11019,328),
(11018,903),
(11017,184),
(11016,816),
(11015,717),
(11014,810),
(11013,187),
(11012,687),
(11011,502),
(11010,917),
(11009,156),
(11008,534),
(11007,884),
(11006,359),
(11005,491),
(11004,550),
(11003,933),
(11002,676),
(11001,928),
(10358,311),
(10357,171),
(10356,868),
(10355,545),
(10354,167),
(10353,169),
(10352,112),
(10351,572),
(10350,890),
(10349,670),
(10348,484),
(10347,322),
(10346,383),
(10345,741),
(10344,332),
(10343,168),
(10342,376),
(10341,943),
(10340,094),
(10339,599),
(10338,754),
(10337,895),
(10336,878),
(10335,655),
(10334,354),
(10333,867),
(10332,424),
(10331,443),
(10330,681),
(10329,366),
(10328,853),
(10327,376),
(10326,159),
(10325,846),
(10324,127),
(10323,474),
(10322,840),
(10321,027),
(10320,283),
(10319,733),
(10318,454),
(10317,182),
(10316,329),
(10315,055),
(10314,675),
(10313,878),
(10312,138),
(10311,598),
(10310,387),
(10309,026),
(10308,232),
(10307,219),
(10306,405),
(10305,937),
(10304,332),
(10303,070),
(10302,091),
(10301,356),
(10300,596),
(10299,225),
(10298,786),
(10297,520),
(10296,448),
(10295,238),
(10294,040),
(10293,129),
(10292,122),
(10291,150),
(10290,399),
(10289,134),
(10288,460),
(10287,167),
(10286,960),
(10285,747),
(10284,210),
(10283,047),
(10282,538),
(10281,273),
(10280,152),
(10279,685),
(10278,188),
(10277,623),
(10276,280),
(10275,680),
(10274,411),
(10273,772),
(10272,670),
(10271,521),
(10270,117),
(10269,163),
(10268,593),
(10267,703),
(10266,235),
(10265,846),
(10264,445),
(10263,425),
(10262,185),
(10261,333),
(10260,881),
(10259,243),
(10258,958),
(10257,969),
(10256,179),
(10255,971),
(10254,358),
(10253,675),
(10252,299),
(10251,698),
(10250,082),
(10249,695),
(10248,204),
(10247,885),
(10246,530),
(10245,484),
(10244,482),
(10243,488),
(10242,095),
(10241,251),
(10240,331),
(10239,414),
(10238,687),
(10237,903),
(10236,173),
(10235,300),
(10234,379),
(10233,534),
(10232,195),
(10231,066),
(10230,854),
(10229,676),
(10228,947),
(10227,239),
(10226,504),
(10225,997),
(10224,674),
(10223,574),
(10222,140),
(10221,683),
(10220,295),
(10219,685),
(10218,245),
(10217,893),
(10216,824),
(10215,667),
(10214,124),
(10213,391),
(10212,785),
(10211,932),
(10210,809),
(10209,081),
(10208,467),
(10207,828),
(10206,353),
(10205,047),
(10204,036),
(10203,106),
(10202,053),
(10201,180),
(10200,206),
(10199,988),
(10198,466),
(10197,778),
(10196,052),
(10195,804),
(10194,148),
(10193,111),
(10192,613),
(10191,353),
(10190,757),
(10189,918),
(10188,681),
(10187,415),
(10186,284),
(10185,135),
(10184,820),
(10183,337),
(10182,947),
(10181,806),
(10180,088),
(10179,519),
(10178,356),
(10177,194),
(10176,770),
(10175,569),
(10174,841),
(10173,406),
(10172,239),
(10171,808),
(10170,739),
(10169,844),
(10168,677),
(10167,094),
(10166,786),
(10165,842),
(10164,684),
(10163,134),
(10162,013),
(10161,637),
(10160,878),
(10159,644),
(10158,480),
(10157,708),
(10156,138),
(10155,331),
(10154,069),
(10153,006),
(10152,997),
(10151,309),
(10150,101),
(10149,964),
(10148,278),
(10147,006),
(10146,814),
(10145,934),
(10144,866),
(10143,370),
(10142,261),
(10141,831),
(10140,634),
(10139,045),
(10138,728),
(10137,776),
(10136,926),
(10135,409),
(10134,358),
(10133,343),
(10132,545),
(10131,336),
(10130,395),
(10129,101),
(10128,913),
(10127,277),
(10126,483),
(10125,488),
(10124,473),
(10123,261),
(10122,832),
(10121,829),
(10120,219),
(10119,332),
(10118,968),
(10117,565),
(10116,503),
(10115,221),
(10114,130),
(10113,342),
(10112,377),
(10111,871),
(10110,813),
(10109,776),
(10108,130),
(10107,053),
(10106,697),
(10105,284),
(10104,244),
(10103,812),
(10102,888),
(10101,143),
(10100,718),
(10099,168),
(10098,936),
(10097,146),
(10096,059),
(10095,470),
(10094,958),
(10093,974),
(10092,305),
(10091,070),
(10090,590),
(10089,241),
(10088,608),
(10087,814),
(10086,968),
(10085,296),
(10084,922),
(10083,468),
(10082,508),
(10081,598),
(10080,264),
(10079,957),
(10078,049),
(10077,992),
(10076,271),
(10075,854),
(10074,349),
(10073,555),
(10072,970),
(10071,578),
(10070,669),
(10069,851),
(10068,597),
(10067,588),
(10066,360),
(10065,208),
(10064,268),
(10063,844),
(10062,146),
(10061,609),
(10060,570),
(10059,627),
(10058,411),
(10057,374),
(10056,534),
(10055,230),
(10054,796),
(10053,548),
(10052,204),
(10051,734),
(10050,735),
(10049,259),
(10048,121),
(10047,400),
(10046,961),
(10045,368),
(10044,415),
(10043,408),
(10042,601),
(10041,236),
(10040,401),
(10039,511),
(10038,596),
(10037,778),
(10036,568),
(10035,349),
(10034,569),
(10033,668),
(10032,093),
(10031,015),
(10030,802),
(10029,550),
(10028,894),
(10027,500),
(10026,685),
(10025,746),
(10024,837),
(10023,451),
(10022,570),
(10021,084),
(10020,170),
(10019,184),
(10018,436),
(10017,383),
(10016,108),
(10015,956),
(10014,394),
(10013,937),
(10012,080),
(10011,420),
(10010,929),
(10009,037),
(10008,645),
(10007,425),
(10006,527),
(10005,387),
(10004,232),
(10003,915),
(10002,981),
(10001,327),
(09358,823),
(09357,255),
(09356,784),
(09355,442),
(09354,075),
(09353,667),
(09352,622),
(09351,159),
(09350,335),
(09349,307),
(09348,827),
(09347,203),
(09346,151),
(09345,375),
(09344,531),
(09343,837),
(09342,782),
(09341,939),
(09340,680),
(09339,520),
(09338,970),
(09337,986),
(09336,832),
(09335,407),
(09334,480),
(09333,592),
(09332,051),
(09331,945),
(09330,674),
(09329,524),
(09328,417),
(09327,785),
(09326,600),
(09325,455),
(09324,278),
(09323,121),
(09322,226),
(09321,598),
(09320,686),
(09319,531),
(09318,827),
(09317,294),
(09316,489),
(09315,059),
(09314,880),
(09313,931),
(09312,332),
(09311,199),
(09310,477),
(09309,595),
(09308,108),
(09307,394),
(09306,547),
(09305,487),
(09304,526),
(09303,739),
(09302,617),
(09301,224),
(09300,754),
(09299,535),
(09298,566),
(09297,230),
(09296,646),
(09295,800),
(09294,278),
(09293,906),
(09292,966),
(09291,830),
(09290,139),
(09289,739),
(09288,201),
(09287,971),
(09286,184),
(09285,363),
(09284,488),
(09283,562),
(09282,241),
(09281,819),
(09280,404),
(09279,631),
(09278,089),
(09277,176),
(09276,521),
(09275,732),
(09274,072),
(09273,329),
(09272,631),
(09271,698),
(09270,475),
(09269,642),
(09268,073),
(09267,545),
(09266,089),
(09265,779),
(09264,332),
(09263,050),
(09262,521),
(09261,808),
(09260,861),
(09259,544),
(09258,206),
(09257,905),
(09256,877),
(09255,316),
(09254,319),
(09253,098),
(09252,990),
(09251,419),
(09250,362),
(09249,894),
(09248,204),
(09247,159),
(09246,220),
(09245,153),
(09244,647),
(09243,903),
(09242,884),
(09241,982),
(09240,378),
(09239,765),
(09238,362),
(09237,489),
(09236,451),
(09235,708),
(09234,734),
(09233,738),
(09232,548),
(09231,947),
(09230,323),
(09229,913),
(09228,608),
(09227,087),
(09226,468),
(09225,447),
(09224,967),
(09223,202),
(09222,557),
(09221,822),
(09220,416),
(09219,534),
(09218,848),
(09217,990),
(09216,183),
(09215,873),
(09214,502),
(09213,641),
(09212,482),
(09211,415),
(09210,013),
(09209,376),
(09208,256),
(09207,550),
(09206,360),
(09205,583),
(09204,129),
(09203,306),
(09202,204),
(09201,015),
(09200,711),
(09199,372),
(09198,351),
(09197,941),
(09196,439),
(09195,147),
(09194,561),
(09193,427),
(09192,937),
(09191,320),
(09190,451),
(09189,574),
(09188,853),
(09187,628),
(09186,767),
(09185,906),
(09184,905),
(09183,759),
(09182,898),
(09181,069),
(09180,906),
(09179,634),
(09178,993),
(09177,220),
(09176,512),
(09175,200),
(09174,685),
(09173,818),
(09172,940),
(09171,814),
(09170,545),
(09169,375),
(09168,108),
(09167,526),
(09166,932),
(09165,168),
(09164,552),
(09163,120),
(09162,674),
(09161,186),
(09160,622),
(09159,380),
(09158,148),
(09157,060),
(09156,906),
(09155,206),
(09154,325),
(09153,698),
(09152,638),
(09151,496),
(09150,004),
(09149,623),
(09148,341),
(09147,741),
(09146,183),
(09145,180),
(09144,973),
(09143,616),
(09142,147),
(09141,606),
(09140,281),
(09139,429),
(09138,633),
(09137,317),
(09136,785),
(09135,205),
(09134,440),
(09133,750),
(09132,990),
(09131,757),
(09130,062),
(09129,717),
(09128,515),
(09127,998),
(09126,306),
(09125,631),
(09124,945),
(09123,079),
(09122,355),
(09121,880),
(09120,107),
(09119,961),
(09118,763),
(09117,198),
(09116,330),
(09115,792),
(09114,301),
(09113,174),
(09112,422),
(09111,672),
(09110,944),
(09109,240),
(09108,408),
(09107,046),
(09106,203),
(09105,956),
(09104,473),
(09103,393),
(09102,892),
(09101,370),
(09100,335),
(09099,762),
(09098,867),
(09097,591),
(09096,351),
(09095,301),
(09094,799),
(09093,880),
(09092,920),
(09091,612),
(09090,214),
(09089,784),
(09088,809),
(09087,500),
(09086,806),
(09085,198),
(09084,578),
(09083,509),
(09082,038),
(09081,283),
(09080,799),
(09079,328),
(09078,493),
(09077,856),
(09076,376),
(09075,528),
(09074,161),
(09073,547),
(09072,479),
(09071,502),
(09070,843),
(09069,320),
(09068,415),
(09067,690),
(09066,471),
(09065,455),
(09064,466),
(09063,159),
(09062,675),
(09061,804),
(09060,411),
(09059,210),
(09058,437),
(09057,381),
(09056,797),
(09055,045),
(09054,549),
(09053,622),
(09052,926),
(09051,108),
(09050,698),
(09049,373),
(09048,136),
(09047,713),
(09046,802),
(09045,774),
(09044,733),
(09043,626),
(09042,313),
(09041,679),
(09040,736),
(09039,845),
(09038,635),
(09037,904),
(09036,032),
(09035,814),
(09034,235),
(09033,472),
(09032,981),
(09031,543),
(09030,103),
(09029,470),
(09028,335),
(09027,585),
(09026,669),
(09025,278),
(09024,518),
(09023,662),
(09022,914),
(09021,700),
(09020,461),
(09019,830),
(09018,886),
(09017,355),
(09016,977),
(09015,271),
(09014,299),
(09013,551),
(09012,961),
(09011,656),
(09010,862),
(09009,669),
(09008,243),
(09007,341),
(09006,659),
(09005,521),
(09004,502),
(09003,488),
(09002,614),
(09001,325),
(08359,210),
(08358,694),
(08357,283),
(08356,715),
(08355,487),
(08354,474),
(08353,375),
(08352,575),
(08351,163),
(08350,559),
(08349,083),
(08348,413),
(08347,790),
(08346,559),
(08345,923),
(08344,070),
(08343,614),
(08342,001),
(08341,351),
(08340,568),
(08339,452),
(08338,999),
(08337,017),
(08336,298),
(08335,628),
(08334,078),
(08333,885),
(08332,900),
(08331,376),
(08330,178),
(08329,422),
(08328,205),
(08327,553),
(08326,807),
(08325,087),
(08324,549),
(08323,461),
(08322,235),
(08321,991),
(08320,743),
(08319,881),
(08318,803),
(08317,381),
(08316,845),
(08315,887),
(08314,447),
(08313,971),
(08312,636),
(08311,071),
(08310,793),
(08309,250),
(08308,746),
(08307,453),
(08306,489),
(08305,010),
(08304,976),
(08303,393),
(08302,907),
(08301,020),
(08300,688),
(08299,078),
(08298,726),
(08297,941),
(08296,766),
(08295,944),
(08294,097),
(08293,099),
(08292,845),
(08291,497),
(08290,336),
(08289,141),
(08288,432),
(08287,671),
(08286,519),
(08285,343),
(08284,854),
(08283,806),
(08282,150),
(08281,212),
(08280,659),
(08279,894),
(08278,793),
(08277,621),
(08276,027),
(08275,122),
(08274,027),
(08273,077),
(08272,939),
(08271,350),
(08270,044),
(08269,119),
(08268,595),
(08267,851),
(08266,937),
(08265,728),
(08264,533),
(08263,040),
(08262,589),
(08261,010),
(08260,276),
(08259,585),
(08258,826),
(08257,757),
(08256,925),
(08255,478),
(08254,430),
(08253,205),
(08252,518),
(08251,596),
(08250,180),
(08249,157),
(08248,251),
(08247,360),
(08246,716),
(08245,770),
(08244,213),
(08243,939),
(08242,384),
(08241,569),
(08240,300),
(08239,443),
(08238,259),
(08237,114),
(08236,796),
(08235,372),
(08234,800),
(08233,026),
(08232,840),
(08231,635),
(08230,632),
(08229,194),
(08228,759),
(08227,587),
(08226,982),
(08225,354),
(08224,632),
(08223,996),
(08222,108),
(08221,398),
(08220,484),
(08219,492),
(08218,161),
(08217,054),
(08216,938),
(08215,735),
(08214,144),
(08213,860),
(08212,894),
(08211,194),
(08210,003),
(08209,619),
(08208,356),
(08207,060),
(08206,480),
(08205,056),
(08204,676),
(08203,799),
(08202,198),
(08201,743),
(08200,204),
(08199,481),
(08198,068),
(08197,357),
(08196,861),
(08195,282),
(08194,312),
(08193,608),
(08192,867),
(08191,134),
(08190,862),
(08189,085),
(08188,595),
(08187,905),
(08186,876),
(08185,064),
(08184,840),
(08183,369),
(08182,082),
(08181,393),
(08180,411),
(08179,122),
(08178,344),
(08177,104),
(08176,542),
(08175,516),
(08174,887),
(08173,615),
(08172,382),
(08171,732),
(08170,442),
(08169,997),
(08168,634),
(08167,462),
(08166,880),
(08165,230),
(08164,182),
(08163,307),
(08162,674),
(08161,767),
(08160,749),
(08159,604),
(08158,805),
(08157,749),
(08156,072),
(08155,357),
(08154,910),
(08153,666),
(08152,824),
(08151,673),
(08150,584),
(08149,916),
(08148,294),
(08147,897),
(08146,142),
(08145,024),
(08144,186),
(08143,858),
(08142,672),
(08141,516),
(08140,414),
(08139,759),
(08138,841),
(08137,062),
(08136,467),
(08135,964),
(08134,542),
(08133,286),
(08132,254),
(08131,643),
(08130,808),
(08129,860),
(08128,495),
(08127,861),
(08126,294),
(08125,288),
(08124,109),
(08123,834),
(08122,313),
(08121,118),
(08120,754),
(08119,874),
(08118,177),
(08117,999),
(08116,695),
(08115,888),
(08114,246),
(08113,112),
(08112,476),
(08111,891),
(08110,393),
(08109,518),
(08108,562),
(08107,350),
(08106,090),
(08105,525),
(08104,115),
(08103,262),
(08102,511),
(08101,236),
(08100,757),
(08099,952),
(08098,567),
(08097,921),
(08096,470),
(08095,063),
(08094,599),
(08093,688),
(08092,983),
(08091,640),
(08090,318),
(08089,054),
(08088,456),
(08087,726),
(08086,391),
(08085,010),
(08084,397),
(08083,909),
(08082,467),
(08081,798),
(08080,853),
(08079,737),
(08078,619),
(08077,674),
(08076,826),
(08075,597),
(08074,381),
(08073,824),
(08072,502),
(08071,346),
(08070,738),
(08069,608),
(08068,542),
(08067,921),
(08066,195),
(08065,366),
(08064,648),
(08063,830),
(08062,413),
(08061,438),
(08060,636),
(08059,457),
(08058,677),
(08057,320),
(08056,671),
(08055,400),
(08054,932),
(08053,507),
(08052,280),
(08051,239),
(08050,332),
(08049,523),
(08048,805),
(08047,227),
(08046,805),
(08045,666),
(08044,121),
(08043,111),
(08042,612),
(08041,661),
(08040,804),
(08039,458),
(08038,653),
(08037,806),
(08036,541),
(08035,913),
(08034,835),
(08033,520),
(08032,827),
(08031,535),
(08030,314),
(08029,320),
(08028,990),
(08027,026),
(08026,806),
(08025,630),
(08024,012),
(08023,088),
(08022,654),
(08021,119),
(08020,786),
(08019,649),
(08018,155),
(08017,065),
(08016,789),
(08015,475),
(08014,163),
(08013,004),
(08012,630),
(08011,506),
(08010,284),
(08009,081),
(08008,803),
(08007,089),
(08006,282),
(08005,314),
(08004,359),
(08003,838),
(08002,870),
(08001,659),
(07357,317),
(07356,215),
(07355,634),
(07354,065),
(07353,005),
(07352,147),
(07351,028),
(07350,164),
(07349,477),
(07348,418),
(07347,310),
(07346,080),
(07345,596),
(07344,757),
(07343,492),
(07342,068),
(07341,032),
(07340,416),
(07339,048),
(07338,585),
(07337,276),
(07336,774),
(07335,523),
(07334,773),
(07333,914),
(07332,664),
(07331,153),
(07330,015),
(07329,273),
(07328,940),
(07327,438),
(07326,566),
(07325,819),
(07324,051),
(07323,694),
(07322,883),
(07321,858),
(07320,794),
(07319,053),
(07318,091),
(07317,787),
(07316,607),
(07315,201),
(07314,174),
(07313,633),
(07312,053),
(07311,347),
(07310,759),
(07309,884),
(07308,087),
(07307,610),
(07306,053),
(07305,798),
(07304,402),
(07303,980),
(07302,491),
(07301,824),
(07300,357),
(07299,494),
(07298,268),
(07297,971),
(07296,945),
(07295,311),
(07294,563),
(07293,474),
(07292,569),
(07291,441),
(07290,453),
(07289,794),
(07288,927),
(07287,374),
(07286,619),
(07285,407),
(07284,759),
(07283,210),
(07282,904),
(07281,403),
(07280,864),
(07279,896),
(07278,563),
(07277,254),
(07276,494),
(07275,361),
(07274,435),
(07273,854),
(07272,792),
(07271,295),
(07270,852),
(07269,833),
(07268,639),
(07267,598),
(07266,806),
(07265,232),
(07264,796),
(07263,231),
(07262,049),
(07261,912),
(07260,979),
(07259,154),
(07258,543),
(07257,144),
(07256,221),
(07255,488),
(07254,630),
(07253,533),
(07252,029),
(07251,602),
(07250,028),
(07249,051),
(07248,251),
(07247,854),
(07246,252),
(07245,946),
(07244,333),
(07243,719),
(07242,820),
(07241,532),
(07240,461),
(07239,846),
(07238,078),
(07237,438),
(07236,689),
(07235,893),
(07234,638),
(07233,832),
(07232,833),
(07231,139),
(07230,947),
(07229,022),
(07228,291),
(07227,201),
(07226,259),
(07225,801),
(07224,436),
(07223,427),
(07222,712),
(07221,211),
(07220,479),
(07219,569),
(07218,397),
(07217,503),
(07216,176),
(07215,884),
(07214,944),
(07213,899),
(07212,244),
(07211,188),
(07210,061),
(07209,389),
(07208,643),
(07207,923),
(07206,518),
(07205,533),
(07204,981),
(07203,131),
(07202,868),
(07201,085),
(07200,766),
(07199,449),
(07198,282),
(07197,713),
(07196,565),
(07195,566),
(07194,141),
(07193,951),
(07192,106),
(07191,959),
(07190,616),
(07189,184),
(07188,589),
(07187,867),
(07186,000),
(07185,581),
(07184,574),
(07183,903),
(07182,604),
(07181,849),
(07180,680),
(07179,825),
(07178,491),
(07177,726),
(07176,174),
(07175,446),
(07174,384),
(07173,981),
(07172,517),
(07171,890),
(07170,200),
(07169,338),
(07168,064),
(07167,800),
(07166,795),
(07165,946),
(07164,738),
(07163,658),
(07162,554),
(07161,567),
(07160,878),
(07159,539),
(07158,891),
(07157,000),
(07156,775),
(07155,682),
(07154,851),
(07153,181),
(07152,951),
(07151,676),
(07150,873),
(07149,378),
(07148,246),
(07147,976),
(07146,910),
(07145,060),
(07144,912),
(07143,139),
(07142,669),
(07141,884),
(07140,036),
(07139,328),
(07138,047),
(07137,964),
(07136,858),
(07135,595),
(07134,097),
(07133,839),
(07132,684),
(07131,575),
(07130,111),
(07129,945),
(07128,699),
(07127,909),
(07126,075),
(07125,163),
(07124,779),
(07123,525),
(07122,520),
(07121,006),
(07120,534),
(07119,967),
(07118,971),
(07117,378),
(07116,272),
(07115,167),
(07114,786),
(07113,183),
(07112,734),
(07111,762),
(07110,786),
(07109,395),
(07108,497),
(07107,691),
(07106,845),
(07105,999),
(07104,754),
(07103,441),
(07102,485),
(07101,349),
(07100,941),
(07099,405),
(07098,679),
(07097,532),
(07096,967),
(07095,937),
(07094,051),
(07093,971),
(07092,417),
(07091,170),
(07090,624),
(07089,577),
(07088,894),
(07087,738),
(07086,028),
(07085,878),
(07084,020),
(07083,903),
(07082,044),
(07081,491),
(07080,856),
(07079,195),
(07078,737),
(07077,761),
(07076,316),
(07075,515),
(07074,906),
(07073,564),
(07072,010),
(07071,984),
(07070,441),
(07069,531),
(07068,103),
(07067,499),
(07066,683),
(07065,268),
(07064,330),
(07063,365),
(07062,327),
(07061,787),
(07060,368),
(07059,528),
(07058,887),
(07057,955),
(07056,278),
(07055,017),
(07054,847),
(07053,802),
(07052,733),
(07051,265),
(07050,163),
(07049,760),
(07048,572),
(07047,377),
(07046,564),
(07045,000),
(07044,988),
(07043,947),
(07042,199),
(07041,335),
(07040,948),
(07039,025),
(07038,203),
(07037,507),
(07036,032),
(07035,764),
(07034,494),
(07033,875),
(07032,961),
(07031,704),
(07030,281),
(07029,399),
(07028,119),
(07027,349),
(07026,260),
(07025,319),
(07024,955),
(07023,716),
(07022,896),
(07021,757),
(07020,151),
(07019,219),
(07018,204),
(07017,485),
(07016,878),
(07015,977),
(07014,047),
(07013,252),
(07012,405),
(07011,261),
(07010,453),
(07009,292),
(07008,416),
(07007,541),
(07006,835),
(07005,091),
(07004,163),
(07003,839),
(07002,060),
(07001,038),
(06357,584),
(06356,678),
(06355,914),
(06354,334),
(06353,513),
(06352,691),
(06351,117),
(06350,698),
(06349,735),
(06348,114),
(06347,184),
(06346,566),
(06345,030),
(06344,712),
(06343,183),
(06342,746),
(06341,664),
(06340,531),
(06339,063),
(06338,940),
(06337,126),
(06336,456),
(06335,659),
(06334,893),
(06333,767),
(06332,020),
(06331,090),
(06330,774),
(06329,896),
(06328,169),
(06327,375),
(06326,977),
(06325,143),
(06324,815),
(06323,736),
(06322,664),
(06321,468),
(06320,349),
(06319,655),
(06318,619),
(06317,845),
(06316,133),
(06315,041),
(06314,724),
(06313,830),
(06312,310),
(06311,305),
(06310,999),
(06309,834),
(06308,871),
(06307,278),
(06306,661),
(06305,259),
(06304,991),
(06303,772),
(06302,635),
(06301,199),
(06300,214),
(06299,956),
(06298,972),
(06297,600),
(06296,609),
(06295,331),
(06294,437),
(06293,060),
(06292,338),
(06291,439),
(06290,208),
(06289,781),
(06288,145),
(06287,447),
(06286,564),
(06285,857),
(06284,279),
(06283,023),
(06282,433),
(06281,263),
(06280,808),
(06279,951),
(06278,216),
(06277,907),
(06276,110),
(06275,772),
(06274,908),
(06273,373),
(06272,517),
(06271,944),
(06270,317),
(06269,010),
(06268,638),
(06267,265),
(06266,272),
(06265,228),
(06264,656),
(06263,886),
(06262,917),
(06261,735),
(06260,659),
(06259,628),
(06258,860),
(06257,508),
(06256,998),
(06255,479),
(06254,293),
(06253,978),
(06252,115),
(06251,656),
(06250,959),
(06249,166),
(06248,895),
(06247,528),
(06246,989),
(06245,080),
(06244,222),
(06243,498),
(06242,789),
(06241,432),
(06240,228),
(06239,536),
(06238,166),
(06237,793),
(06236,169),
(06235,732),
(06234,457),
(06233,714),
(06232,162),
(06231,068),
(06230,267),
(06229,266),
(06228,612),
(06227,633),
(06226,608),
(06225,893),
(06224,708),
(06223,760),
(06222,255),
(06221,751),
(06220,546),
(06219,554),
(06218,721),
(06217,353),
(06216,836),
(06215,527),
(06214,340),
(06213,421),
(06212,934),
(06211,552),
(06210,257),
(06209,562),
(06208,368),
(06207,937),
(06206,471),
(06205,481),
(06204,872),
(06203,451),
(06202,891),
(06201,724),
(06200,928),
(06199,029),
(06198,165),
(06197,949),
(06196,848),
(06195,918),
(06194,116),
(06193,748),
(06192,300),
(06191,293),
(06190,419),
(06189,334),
(06188,995),
(06187,713),
(06186,469),
(06185,700),
(06184,340),
(06183,465),
(06182,217),
(06181,959),
(06180,593),
(06179,499),
(06178,465),
(06177,945),
(06176,772),
(06175,001),
(06174,454),
(06173,019),
(06172,687),
(06171,246),
(06170,305),
(06169,794),
(06168,211),
(06167,964),
(06166,373),
(06165,397),
(06164,534),
(06163,994),
(06162,242),
(06161,976),
(06160,986),
(06159,539),
(06158,623),
(06157,038),
(06156,678),
(06155,759),
(06154,948),
(06153,950),
(06152,814),
(06151,181),
(06150,049),
(06149,019),
(06148,760),
(06147,733),
(06146,834),
(06145,588),
(06144,151),
(06143,104),
(06142,266),
(06141,974),
(06140,830),
(06139,172),
(06138,087),
(06137,733),
(06136,391),
(06135,745),
(06134,073),
(06133,989),
(06132,093),
(06131,165),
(06130,808),
(06129,929),
(06128,640),
(06127,103),
(06126,238),
(06125,315),
(06124,261),
(06123,249),
(06122,520),
(06121,575),
(06120,332),
(06119,900),
(06118,890),
(06117,999),
(06116,332),
(06115,259),
(06114,997),
(06113,601),
(06112,499),
(06111,218),
(06110,437),
(06109,308),
(06108,696),
(06107,190),
(06106,533),
(06105,519),
(06104,616),
(06103,223),
(06102,260),
(06101,430),
(06100,451),
(06099,826),
(06098,660),
(06097,938),
(06096,275),
(06095,304),
(06094,010),
(06093,824),
(06092,444),
(06091,533),
(06090,877),
(06089,492),
(06088,642),
(06087,947),
(06086,162),
(06085,495),
(06084,276),
(06083,972),
(06082,671),
(06081,434),
(06080,544),
(06079,714),
(06078,286),
(06077,201),
(06076,224),
(06075,844),
(06074,292),
(06073,203),
(06072,420),
(06071,202),
(06070,415),
(06069,082),
(06068,003),
(06067,149),
(06066,967),
(06065,921),
(06064,983),
(06063,458),
(06062,761),
(06061,224),
(06060,062),
(06059,990),
(06058,600),
(06057,791),
(06056,898),
(06055,140),
(06054,909),
(06053,698),
(06052,501),
(06051,873),
(06050,874),
(06049,489),
(06048,564),
(06047,694),
(06046,568),
(06045,187),
(06044,026),
(06043,445),
(06042,028),
(06041,853),
(06040,876),
(06039,587),
(06038,374),
(06037,236),
(06036,154),
(06035,647),
(06034,465),
(06033,549),
(06032,699),
(06031,675),
(06030,086),
(06029,706),
(06028,547),
(06027,404),
(06026,998),
(06025,707),
(06024,163),
(06023,215),
(06022,164),
(06021,438),
(06020,710),
(06019,199),
(06018,916),
(06017,925),
(06016,519),
(06015,446),
(06014,678),
(06013,777),
(06012,652),
(06011,755),
(06010,538),
(06009,803),
(06008,489),
(06007,561),
(06006,598),
(06005,185),
(06004,940),
(06003,012),
(06002,299),
(06001,184),
(05358,397),
(05357,415),
(05356,439),
(05355,012),
(05354,014),
(05353,095),
(05352,562),
(05351,239),
(05350,237),
(05349,492),
(05348,323),
(05347,172),
(05346,292),
(05345,786),
(05344,949),
(05343,876),
(05342,385),
(05341,302),
(05340,678),
(05339,440),
(05338,236),
(05337,461),
(05336,693),
(05335,781),
(05334,672),
(05333,341),
(05332,187),
(05331,790),
(05330,149),
(05329,117),
(05328,463),
(05327,735),
(05326,508),
(05325,472),
(05324,578),
(05323,339),
(05322,274),
(05321,805),
(05320,084),
(05319,824),
(05318,069),
(05317,846),
(05316,741),
(05315,670),
(05314,860),
(05313,728),
(05312,756),
(05311,450),
(05310,015),
(05309,524),
(05308,129),
(05307,968),
(05306,390),
(05305,578),
(05304,863),
(05303,576),
(05302,747),
(05301,635),
(05300,966),
(05299,756),
(05298,608),
(05297,319),
(05296,716),
(05295,893),
(05294,820),
(05293,040),
(05292,436),
(05291,371),
(05290,803),
(05289,304),
(05288,487),
(05287,787),
(05286,853),
(05285,654),
(05284,380),
(05283,184),
(05282,549),
(05281,576),
(05280,899),
(05279,254),
(05278,692),
(05277,075),
(05276,862),
(05275,470),
(05274,526),
(05273,726),
(05272,981),
(05271,566),
(05270,909),
(05269,327),
(05268,855),
(05267,584),
(05266,107),
(05265,696),
(05264,807),
(05263,846),
(05262,240),
(05261,614),
(05260,489),
(05259,971),
(05258,976),
(05257,026),
(05256,539),
(05255,959),
(05254,302),
(05253,442),
(05252,085),
(05251,818),
(05250,037),
(05249,521),
(05248,481),
(05247,310),
(05246,597),
(05245,827),
(05244,894),
(05243,949),
(05242,289),
(05241,832),
(05240,517),
(05239,346),
(05238,463),
(05237,600),
(05236,537),
(05235,856),
(05234,122),
(05233,934),
(05232,749),
(05231,077),
(05230,784),
(05229,813),
(05228,725),
(05227,264),
(05226,293),
(05225,309),
(05224,567),
(05223,539),
(05222,895),
(05221,870),
(05220,802),
(05219,216),
(05218,724),
(05217,555),
(05216,856),
(05215,236),
(05214,169),
(05213,962),
(05212,780),
(05211,534),
(05210,543),
(05209,316),
(05208,540),
(05207,867),
(05206,958),
(05205,875),
(05204,506),
(05203,819),
(05202,330),
(05201,045),
(05200,998),
(05199,794),
(05198,749),
(05197,788),
(05196,005),
(05195,526),
(05194,494),
(05193,999),
(05192,624),
(05191,506),
(05190,426),
(05189,403),
(05188,629),
(05187,913),
(05186,202),
(05185,439),
(05184,884),
(05183,173),
(05182,469),
(05181,402),
(05180,395),
(05179,043),
(05178,004),
(05177,705),
(05176,937),
(05175,933),
(05174,876),
(05173,207),
(05172,997),
(05171,165),
(05170,195),
(05169,263),
(05168,907),
(05167,711),
(05166,736),
(05165,398),
(05164,001),
(05163,645),
(05162,967),
(05161,221),
(05160,726),
(05159,107),
(05158,876),
(05157,598),
(05156,119),
(05155,024),
(05154,776),
(05153,866),
(05152,927),
(05151,990),
(05150,524),
(05149,899),
(05148,979),
(05147,121),
(05146,109),
(05145,057),
(05144,574),
(05143,207),
(05142,306),
(05141,168),
(05140,894),
(05139,462),
(05138,014),
(05137,253),
(05136,928),
(05135,745),
(05134,704),
(05133,759),
(05132,836),
(05131,663),
(05130,546),
(05129,707),
(05128,162),
(05127,445),
(05126,534),
(05125,508),
(05124,219),
(05123,974),
(05122,542),
(05121,729),
(05120,162),
(05119,111),
(05118,593),
(05117,992),
(05116,569),
(05115,626),
(05114,892),
(05113,005),
(05112,298),
(05111,061),
(05110,417),
(05109,610),
(05108,384),
(05107,838),
(05106,540),
(05105,363),
(05104,681),
(05103,873),
(05102,431),
(05101,320),
(05100,127),
(05099,695),
(05098,670),
(05097,085),
(05096,935),
(05095,061),
(05094,112),
(05093,861),
(05092,299),
(05091,102),
(05090,065),
(05089,091),
(05088,144),
(05087,155),
(05086,635),
(05085,942),
(05084,277),
(05083,702),
(05082,216),
(05081,250),
(05080,495),
(05079,959),
(05078,842),
(05077,648),
(05076,418),
(05075,700),
(05074,006),
(05073,232),
(05072,256),
(05071,917),
(05070,984),
(05069,743),
(05068,903),
(05067,169),
(05066,626),
(05065,895),
(05064,969),
(05063,181),
(05062,796),
(05061,912),
(05060,960),
(05059,983),
(05058,353),
(05057,813),
(05056,600),
(05055,014),
(05054,519),
(05053,175),
(05052,306),
(05051,247),
(05050,104),
(05049,790),
(05048,761),
(05047,429),
(05046,545),
(05045,400),
(05044,955),
(05043,845),
(05042,234),
(05041,133),
(05040,047),
(05039,028),
(05038,319),
(05037,708),
(05036,942),
(05035,830),
(05034,186),
(05033,590),
(05032,361),
(05031,504),
(05030,459),
(05029,628),
(05028,862),
(05027,014),
(05026,277),
(05025,755),
(05024,312),
(05023,080),
(05022,938),
(05021,001),
(05020,922),
(05019,574),
(05018,055),
(05017,157),
(05016,665),
(05015,367),
(05014,085),
(05013,613),
(05012,196),
(05011,204),
(05010,416),
(05009,869),
(05008,281),
(05007,435),
(05006,420),
(05005,299),
(05004,674),
(05003,431),
(05002,366),
(05001,054),
(04044,382),
(04043,704),
(04042,780),
(04041,814),
(04040,566),
(04039,802),
(04038,425),
(04037,325),
(04036,009),
(04035,374),
(04034,995),
(04033,505),
(04032,378),
(04031,362),
(04030,120),
(04029,256),
(04028,075),
(04027,363),
(04026,621),
(04025,618),
(04024,886),
(04023,871),
(04022,591),
(04021,393),
(04020,810),
(04019,471),
(04018,612),
(04017,419),
(04016,444),
(04015,459),
(04014,335),
(04013,003),
(04012,430),
(04011,436),
(04010,227),
(04009,441),
(04008,622),
(04007,830),
(04006,526),
(04005,054),
(04004,443),
(04003,718),
(04002,317),
(04001,192),
