(23073,05,06,07,08,12,15,28,09),
(23072,09,10,16,21,27,28,29,24),
(23071,04,05,08,21,24,29,30,01),
(23070,01,04,05,11,16,17,28,03),
(23069,06,07,13,15,18,22,25,28),
(23068,03,05,09,11,12,25,27,14),
(23067,03,07,08,12,14,21,28,20),
(23066,04,06,08,11,19,22,30,27),
(23065,01,04,07,09,11,17,28,18),
(23064,04,17,20,25,28,29,30,13),
(23063,02,06,09,14,19,21,28,13),
(23062,01,04,11,18,19,22,26,03),
(23061,04,05,17,18,19,20,25,22),
(23060,01,11,13,15,16,19,21,22),
(23059,02,12,18,19,22,23,24,26),
(23058,01,03,07,15,17,22,26,28),
(23057,03,04,12,14,18,25,28,24),
(23056,03,04,09,11,18,27,29,20),
(23055,03,12,16,23,26,28,29,09),
(23054,12,17,18,19,20,26,29,03),
(23053,03,08,09,13,23,25,30,18),
(23052,11,14,17,20,22,25,26,18),
(23051,01,04,05,15,18,20,21,29),
(23050,04,09,12,17,18,23,27,02),
(23049,04,05,07,09,19,24,29,20),
(23048,09,11,15,16,17,18,21,12),
(23047,04,05,09,15,22,23,27,20),
(23046,05,10,14,20,23,25,26,13),
(23045,01,03,13,20,24,25,28,18),
(23044,01,04,07,08,11,13,20,14),
(23043,01,02,11,20,21,22,27,24),
(23042,03,11,15,19,20,22,25,01),
(23041,01,04,07,08,10,21,23,03),
(23040,01,04,05,07,10,13,26,08),
(23039,03,09,11,15,18,23,25,17),
(23038,01,04,05,06,09,10,16,14),
(23037,02,03,13,14,18,25,30,28),
(23036,06,14,15,18,21,23,25,28),
(23035,02,11,18,19,21,26,30,10),
(23034,06,08,10,13,18,20,27,02),
(23033,01,04,05,11,15,17,27,14),
(23032,08,10,14,24,26,28,30,21),
(23031,09,15,21,22,28,29,30,14),
(23030,01,06,10,11,12,13,29,20),
(23029,02,10,14,16,25,26,29,12),
(23028,08,12,13,15,17,20,21,04),
(23027,03,12,14,24,25,26,28,08),
(23026,02,05,15,17,20,22,28,26),
(23025,12,15,17,21,27,28,30,24),
(23024,06,07,10,11,15,21,23,28),
(23023,02,03,09,19,23,25,27,16),
(23022,09,17,19,22,24,25,28,02),
(23021,02,07,15,17,23,24,29,26),
(23020,03,05,06,15,22,24,28,13),
(23019,02,03,04,11,18,21,28,29),
(23018,03,12,18,20,25,26,29,08),
(23017,02,05,07,14,16,21,23,17),
(23016,11,17,18,20,23,25,29,15),
(23015,17,18,21,23,24,25,28,10),
(23014,02,03,04,08,17,25,26,09),
(23013,01,08,10,11,12,13,17,29),
(23012,01,02,09,11,13,27,29,16),
(23011,08,10,13,14,22,24,30,07),
(23010,06,12,20,21,22,28,29,25),
(23009,07,09,15,17,20,25,29,21),
(23008,02,07,16,22,23,26,29,11),
(23007,02,04,15,16,17,26,27,09),
(23006,04,14,19,22,25,28,30,18),
(23005,02,03,04,08,15,26,27,12),
(23004,03,07,11,13,17,22,27,14),
(23003,01,11,17,20,22,23,27,03),
(23002,01,06,10,16,22,26,28,25),
(23001,03,04,09,18,23,28,30,05),
(22151,01,06,17,21,22,25,29,09),
(22150,02,03,05,06,11,14,22,18),
(22149,06,08,10,11,12,24,27,03),
(22148,01,02,07,09,10,15,25,18),
(22147,02,03,06,13,18,19,26,23),
(22146,16,17,21,22,25,27,28,08),
(22145,01,02,13,15,16,18,26,14),
(22144,03,04,09,10,13,17,23,05),
(22143,02,04,12,14,16,18,27,11),
(22142,05,12,14,17,19,21,26,22),
(22141,07,08,11,18,19,21,29,15),
(22140,10,13,19,23,25,28,30,17),
(22139,04,06,11,14,21,23,30,01),
(22138,01,03,07,11,19,23,26,29),
(22137,02,05,11,12,22,23,24,06),
(22136,03,05,08,13,14,24,26,12),
(22135,04,07,09,10,22,24,28,11),
(22134,02,09,10,21,22,24,29,25),
(22133,01,03,08,21,22,27,30,04),
(22132,02,14,16,17,26,27,28,09),
(22131,07,10,15,19,20,22,28,08),
(22130,02,05,06,09,11,26,27,08),
(22129,06,15,18,19,21,24,30,11),
(22128,03,08,09,10,12,16,24,27),
(22127,02,08,13,18,24,28,29,17),
(22126,05,07,10,18,19,23,28,04),
(22125,06,08,10,18,20,21,22,02),
(22124,04,12,14,16,23,26,30,09),
(22123,04,06,16,21,23,24,28,17),
(22122,01,06,14,18,19,23,26,20),
(22121,08,15,19,21,27,28,30,03),
(22120,02,06,14,17,19,27,28,08),
(22119,01,10,12,13,14,25,29,18),
(22118,01,05,07,09,17,21,27,08),
(22117,01,17,19,22,26,29,30,04),
(22116,01,03,06,08,10,17,18,26),
(22115,03,11,13,16,17,29,30,26),
(22114,10,12,13,18,23,24,26,06),
(22113,04,06,08,13,18,23,24,28),
(22112,02,07,08,13,20,21,28,12),
(22111,02,04,07,09,10,12,20,05),
(22110,01,02,07,13,22,25,28,06),
(22109,07,13,14,15,19,20,23,08),
(22108,04,07,09,13,14,15,20,06),
(22107,06,07,08,09,19,21,28,12),
(22106,05,10,14,16,21,24,26,17),
(22105,05,09,11,20,21,23,28,02),
(22104,03,06,13,14,15,17,28,24),
(22103,02,05,07,09,13,20,25,23),
(22102,01,07,08,15,26,29,30,17),
(22101,02,03,04,05,08,24,25,28),
(22100,01,03,08,09,16,26,28,22),
(22099,01,11,13,16,21,22,26,02),
(22098,10,16,17,19,21,28,29,07),
(22097,01,02,09,22,23,24,25,16),
(22096,01,03,08,10,16,19,29,27),
(22095,03,06,11,14,21,25,27,15),
(22094,01,02,05,10,12,19,23,29),
(22093,03,05,09,12,15,19,29,14),
(22092,02,05,11,14,17,24,25,06),
(22091,05,10,14,17,18,24,26,11),
(22090,04,06,11,15,18,19,23,10),
(22089,01,07,10,11,21,24,28,23),
(22088,01,03,04,14,24,28,30,06),
(22087,07,09,13,15,19,21,24,28),
(22086,04,11,12,13,16,28,30,20),
(22085,05,07,11,12,13,19,25,16),
(22084,01,08,09,21,25,28,30,11),
(22083,09,14,17,20,21,24,29,19),
(22082,03,04,08,14,18,21,25,06),
(22081,07,09,15,20,21,25,29,13),
(22080,08,09,13,16,19,24,27,02),
(22079,01,05,08,13,14,16,30,27),
(22078,05,08,11,15,19,20,21,23),
(22077,03,09,11,13,14,22,24,15),
(22076,01,05,07,12,18,20,24,28),
(22075,01,04,18,22,24,27,30,14),
(22074,01,08,23,26,28,29,30,14),
(22073,09,13,15,17,24,25,29,08),
(22072,02,12,17,21,25,26,27,08),
(22071,02,04,07,09,19,24,27,23),
(22070,02,07,09,13,16,17,18,01),
(22069,06,07,13,19,20,28,29,04),
(22068,03,05,06,15,18,21,27,24),
(22067,02,04,11,17,20,22,27,30),
(22066,04,06,09,10,16,24,26,13),
(22065,01,02,06,15,16,26,29,27),
(22064,02,06,08,11,18,19,27,01),
(22063,05,07,09,11,17,22,24,15),
(22062,02,03,04,05,10,14,23,16),
(22061,03,10,16,23,25,28,29,05),
(22060,01,03,05,11,13,19,23,02),
(22059,05,10,13,15,16,21,26,08),
(22058,08,10,14,17,18,24,30,16),
(22057,02,07,09,12,19,23,27,30),
(22056,04,07,12,14,18,28,30,20),
(22055,05,07,15,21,22,23,27,09),
(22054,04,05,10,11,16,19,28,29),
(22053,01,02,03,07,12,16,19,18),
(22052,03,09,10,16,20,24,25,28),
(22051,03,05,14,15,19,23,29,18),
(22050,02,04,19,22,23,25,28,17),
(22049,02,05,19,21,22,24,26,13),
(22048,01,05,11,18,25,29,30,17),
(22047,01,03,17,24,25,27,28,06),
(22046,02,07,21,22,23,25,30,27),
(22045,04,07,08,10,11,15,27,16),
(22044,03,07,15,16,21,23,28,20),
(22043,03,06,08,18,23,26,28,19),
(22042,01,02,08,11,22,24,25,07),
(22041,03,10,11,12,25,28,30,09),
(22040,12,13,14,18,24,27,30,05),
(22039,12,16,17,18,19,25,29,02),
(22038,06,09,11,13,18,19,22,16),
(22037,03,16,17,18,23,25,30,06),
(22036,02,04,07,08,13,16,19,23),
(22035,02,07,13,22,23,28,30,26),
(22034,03,05,07,08,12,26,30,22),
(22033,05,09,10,12,16,18,23,24),
(22032,06,15,21,22,25,27,28,10),
(22031,02,04,05,07,10,12,16,25),
(22030,01,02,07,10,21,29,30,23),
(22029,01,13,22,23,24,26,30,07),
(22028,02,06,11,17,22,23,25,08),
(22027,04,05,08,15,16,26,28,18),
(22026,01,05,07,10,15,28,29,23),
(22025,06,08,11,12,18,19,22,26),
(22024,03,05,08,09,14,22,23,20),
(22023,01,04,10,15,17,19,24,05),
(22022,05,08,14,16,20,21,29,06),
(22021,01,04,13,16,18,22,23,11),
(22020,01,04,13,14,15,27,28,18),
(22019,10,11,13,15,17,27,29,08),
(22018,08,11,12,13,22,24,30,10),
(22017,02,10,14,16,17,18,29,28),
(22016,04,07,08,12,18,24,29,06),
(22015,11,15,20,22,24,26,27,23),
(22014,01,03,10,11,17,20,28,04),
(22013,01,07,09,12,18,21,27,20),
(22012,02,06,13,14,18,28,29,25),
(22011,02,03,06,08,15,26,27,12),
(22010,10,16,18,23,25,28,30,27),
(22009,03,06,10,14,15,17,21,20),
(22008,06,09,11,20,25,26,29,24),
(22007,06,10,12,15,16,29,30,03),
(22006,04,09,14,16,18,19,29,23),
(22005,04,10,13,18,19,20,22,25),
(22004,04,07,09,12,13,14,16,05),
(22003,06,07,08,16,20,23,28,15),
(22002,12,14,20,23,25,28,29,15),
(22001,08,12,17,18,21,22,24,07),
(21151,04,06,08,09,12,13,24,20),
(21150,06,12,17,19,22,23,27,20),
(21149,03,15,17,18,21,23,29,26),
(21148,02,06,13,19,22,24,28,14),
(21147,03,05,11,18,22,24,25,23),
(21146,02,07,19,20,25,28,30,22),
(21145,01,09,18,20,22,27,29,04),
(21144,03,04,14,17,23,24,27,18),
(21143,02,10,13,14,16,18,20,30),
(21142,02,04,06,11,14,16,17,27),
(21141,05,12,17,18,19,27,29,07),
(21140,11,12,14,16,24,26,27,09),
(21139,01,12,13,16,19,22,25,24),
(21138,03,06,07,08,13,23,24,16),
(21137,01,05,08,14,19,25,30,22),
(21136,04,05,07,16,21,24,27,30),
(21135,08,10,13,21,25,26,30,09),
(21134,04,05,10,13,21,22,25,28),
(21133,02,05,07,09,10,15,30,14),
(21132,03,04,09,12,16,20,21,22),
(21131,02,10,16,21,25,26,30,11),
(21130,02,04,09,15,21,22,29,03),
(21129,07,13,14,18,19,20,26,06),
(21128,04,08,11,14,15,18,26,16),
(21127,01,07,09,13,14,20,26,12),
(21126,05,12,17,19,25,29,30,20),
(21125,04,06,11,13,16,26,30,19),
(21124,04,05,07,10,24,26,29,23),
(21123,02,03,05,08,16,22,27,10),
(21122,04,07,12,15,17,19,27,06),
(21121,03,05,09,21,24,28,29,04),
(21120,05,06,12,14,18,27,28,11),
(21119,01,05,06,10,12,16,27,11),
(21118,12,13,17,21,23,28,30,10),
(21117,08,10,15,18,21,22,28,11),
(21116,08,13,14,18,19,25,26,23),
(21115,01,05,07,09,10,16,18,03),
(21114,02,05,11,12,15,21,28,13),
(21113,04,10,20,21,22,26,27,30),
(21112,08,10,11,14,18,22,28,23),
(21111,01,07,12,17,18,24,29,10),
(21110,07,08,12,23,24,25,27,10),
(21109,01,02,03,10,13,18,22,09),
(21108,10,15,16,17,22,24,27,05),
(21107,01,05,08,09,13,15,18,22),
(21106,05,08,12,13,16,23,24,21),
(21105,05,06,08,11,13,24,26,01),
(21104,01,05,12,13,18,24,28,09),
(21103,04,05,06,10,24,25,26,20),
(21102,02,10,12,16,17,22,23,24),
(21101,01,02,07,09,12,13,23,21),
(21100,02,04,07,08,10,18,20,24),
(21099,04,06,09,15,22,23,27,08),
(21098,01,12,15,16,17,20,22,26),
(21097,03,04,06,08,09,11,13,22),
(21096,08,17,22,23,25,27,29,04),
(21095,01,04,05,06,16,24,30,25),
(21094,04,05,11,14,20,22,23,03),
(21093,03,08,13,23,26,27,30,14),
(21092,05,08,10,23,27,28,29,13),
(21091,02,04,05,08,13,25,27,15),
(21090,05,15,18,19,22,23,28,09),
(21089,08,12,17,18,21,24,30,22),
(21088,02,12,17,20,25,26,27,16),
(21087,01,10,13,16,17,28,30,04),
(21086,02,08,11,12,16,17,18,23),
(21085,04,05,07,09,18,21,28,19),
(21084,02,06,10,13,18,22,25,12),
(21083,01,02,04,16,19,20,22,25),
(21082,02,09,13,15,16,24,26,05),
(21081,03,11,14,16,20,26,28,17),
(21080,06,09,16,17,22,25,29,27),
(21079,03,07,09,12,13,20,22,21),
(21078,01,05,09,17,19,28,29,30),
(21077,04,09,13,15,21,24,28,20),
(21076,05,07,08,09,12,16,25,14),
(21075,01,10,12,13,17,18,19,25),
(21074,06,08,09,10,18,20,25,24),
(21073,08,10,12,14,18,26,28,11),
(21072,02,06,12,14,16,18,20,19),
(21071,02,05,09,10,13,21,29,25),
(21070,04,06,18,21,23,24,28,11),
(21069,06,07,10,19,21,28,30,12),
(21068,13,14,19,21,23,27,28,30),
(21067,03,04,07,09,11,15,16,13),
(21066,05,10,11,17,20,29,30,19),
(21065,06,12,13,15,17,18,19,03),
(21064,07,12,20,23,24,25,27,14),
(21063,01,08,12,14,15,16,24,20),
(21062,06,11,14,21,22,26,28,03),
(21061,03,09,16,21,22,26,30,08),
(21060,01,04,05,11,16,19,26,24),
(21059,05,06,08,15,21,23,28,16),
(21058,03,04,06,08,19,21,27,28),
(21057,03,06,12,18,20,23,28,08),
(21056,02,03,08,09,17,25,30,21),
(21055,04,06,07,10,11,27,30,20),
(21054,07,11,18,19,20,21,24,25),
(21053,01,02,05,07,09,19,30,17),
(21052,11,19,24,25,26,28,30,03),
(21051,01,04,08,11,17,26,28,29),
(21050,01,08,21,24,25,28,29,26),
(21049,03,05,10,12,15,17,19,20),
(21048,05,08,10,13,17,25,30,23),
(21047,02,06,12,18,21,25,27,11),
(21046,05,06,07,08,11,14,26,15),
(21045,01,06,08,14,24,25,29,09),
(21044,02,03,07,09,14,17,26,29),
(21043,01,02,06,15,16,22,27,24),
(21042,05,08,11,12,15,16,27,29),
(21041,04,10,16,21,24,27,29,26),
(21040,01,08,09,10,22,26,28,29),
(21039,07,12,15,21,25,27,28,16),
(21038,03,07,15,17,22,25,29,20),
(21037,01,05,06,10,16,19,20,30),
(21036,05,07,10,13,22,24,25,14),
(21035,03,04,06,08,15,20,29,01),
(21034,05,07,09,13,22,26,30,16),
(21033,04,07,13,17,18,22,29,16),
(21032,03,05,20,25,26,27,30,08),
(21031,07,09,11,15,23,24,25,20),
(21030,02,06,12,13,24,25,28,08),
(21029,01,07,12,13,15,24,29,08),
(21028,02,03,08,14,19,28,29,24),
(21027,01,06,17,20,22,25,26,11),
(21026,03,07,09,12,17,19,20,14),
(21025,02,06,12,16,17,19,26,03),
(21024,07,08,09,12,18,24,26,01),
(21023,03,04,05,08,13,17,29,24),
(21022,07,08,12,13,19,20,30,11),
(21021,05,11,12,16,19,23,26,22),
(21020,01,03,07,08,15,25,28,26),
(21019,03,11,12,16,17,20,23,08),
(21018,09,11,15,22,27,29,30,04),
(21017,02,03,06,09,24,25,30,26),
(21016,02,05,07,09,16,26,27,20),
(21015,02,03,06,07,10,15,23,24),
(21014,02,04,17,21,27,28,30,19),
(21013,02,05,07,12,23,28,30,19),
(21012,05,10,11,13,16,23,26,30),
(21011,01,06,09,13,14,15,21,29),
(21010,02,08,14,15,19,21,23,27),
(21009,01,03,04,14,25,28,30,24),
(21008,09,12,13,16,17,20,25,15),
(21007,04,05,06,22,23,26,30,03),
(21006,05,07,14,15,17,27,29,20),
(21005,02,04,18,23,24,28,29,09),
(21004,06,08,09,15,18,25,26,16),
(21003,04,05,09,11,12,24,27,07),
(21002,02,03,10,13,16,23,26,08),
(21001,03,09,10,11,17,22,24,13),
(20135,02,04,05,07,24,25,29,28),
(20134,01,03,04,10,14,19,26,15),
(20133,02,08,09,11,16,22,30,20),
(20132,03,06,07,13,17,19,28,08),
(20131,01,06,08,11,20,25,26,02),
(20130,05,09,10,13,18,21,25,11),
(20129,09,17,20,23,27,28,29,11),
(20128,13,16,17,18,22,26,29,05),
(20127,07,11,18,22,24,28,30,17),
(20126,01,02,04,07,09,16,17,19),
(20125,03,07,12,19,21,23,27,25),
(20124,08,11,13,19,20,28,29,21),
(20123,02,03,14,16,18,24,28,01),
(20122,02,04,10,17,18,21,29,03),
(20121,04,05,14,15,19,21,24,03),
(20120,09,11,12,15,21,25,30,18),
(20119,11,21,22,24,26,29,30,05),
(20118,01,07,10,11,25,27,28,26),
(20117,09,11,16,20,26,28,29,24),
(20116,02,04,05,09,10,14,30,01),
(20115,02,04,12,14,15,22,28,09),
(20114,06,08,09,10,14,15,26,05),
(20113,05,07,11,14,15,24,29,28),
(20112,04,12,15,17,19,21,27,26),
(20111,01,13,17,20,22,23,30,16),
(20110,05,08,09,14,15,19,21,29),
(20109,06,13,14,16,18,21,30,02),
(20108,06,08,09,10,20,24,29,19),
(20107,01,09,13,14,15,22,29,03),
(20106,02,04,05,09,13,14,17,24),
(20105,12,14,17,23,27,28,30,25),
(20104,05,07,10,16,18,24,25,29),
(20103,08,12,15,17,19,21,24,05),
(20102,09,13,16,17,22,27,30,14),
(20101,04,06,10,11,18,21,28,15),
(20100,02,05,12,15,20,23,24,28),
(20099,01,06,07,08,15,16,21,09),
(20098,01,05,10,20,23,24,30,03),
(20097,03,08,12,13,15,21,25,14),
(20096,02,11,12,14,18,23,29,04),
(20095,04,16,18,21,24,28,30,05),
(20094,02,13,17,18,20,22,25,10),
(20093,02,07,08,09,20,23,27,29),
(20092,05,09,10,13,28,29,30,26),
(20091,01,12,13,19,20,24,25,27),
(20090,05,07,09,10,20,22,24,27),
(20089,05,08,09,12,14,21,29,02),
(20088,02,03,12,13,20,22,26,15),
(20087,02,03,10,18,19,21,22,17),
(20086,02,05,07,10,13,22,30,20),
(20085,02,05,09,11,19,24,30,07),
(20084,01,07,12,13,17,18,24,09),
(20083,08,09,10,14,20,24,26,07),
(20082,01,02,05,11,17,21,29,10),
(20081,02,11,12,14,24,27,28,25),
(20080,08,14,18,22,23,26,29,20),
(20079,04,11,15,17,21,24,25,02),
(20078,02,09,14,16,24,26,30,23),
(20077,09,11,15,22,23,24,27,08),
(20076,03,11,15,16,17,19,30,21),
(20075,06,11,16,17,18,20,29,26),
(20074,04,06,08,10,12,20,21,07),
(20073,01,07,12,14,21,24,27,26),
(20072,09,11,16,17,19,25,30,15),
(20071,11,12,17,21,23,27,29,09),
(20070,06,08,14,15,18,21,22,13),
(20069,06,08,14,20,25,29,30,23),
(20068,02,06,10,13,16,17,18,30),
(20067,02,05,07,21,22,23,28,24),
(20066,02,03,08,13,25,29,30,09),
(20065,08,09,10,11,15,25,26,06),
(20064,01,02,03,04,18,21,23,29),
(20063,07,11,12,15,19,27,28,25),
(20062,01,04,08,12,20,21,28,07),
(20061,03,04,11,15,19,23,27,18),
(20060,12,18,20,22,23,28,30,17),
(20059,04,05,07,13,17,18,26,22),
(20058,02,04,05,06,08,16,21,12),
(20057,08,17,20,24,28,29,30,27),
(20056,03,05,10,14,24,27,28,07),
(20055,16,18,21,23,27,28,29,22),
(20054,02,12,17,22,23,25,26,24),
(20053,05,07,16,23,24,26,30,17),
(20052,01,04,08,09,10,13,29,19),
(20051,05,08,10,25,26,28,29,18),
(20050,07,11,12,23,24,26,29,18),
(20049,03,08,18,20,22,26,27,28),
(20048,05,09,11,15,24,27,30,17),
(20047,03,09,14,15,18,24,29,30),
(20046,01,02,03,08,13,18,24,25),
(20045,01,02,03,11,19,22,29,13),
(20044,02,08,12,17,18,25,27,29),
(20043,02,09,13,15,23,24,27,10),
(20042,03,09,10,16,17,18,28,24),
(20041,03,07,19,22,24,27,30,17),
(20040,02,05,18,20,24,27,30,29),
(20039,01,14,15,17,18,24,29,04),
(20038,02,07,22,24,27,29,30,12),
(20037,15,17,19,21,23,24,27,09),
(20036,07,09,11,15,16,17,20,26),
(20035,04,07,18,19,21,22,25,11),
(20034,02,07,09,13,14,23,26,15),
(20033,09,10,19,21,24,25,29,17),
(20032,06,08,10,15,19,22,24,12),
(20031,04,08,09,10,11,22,24,23),
(20030,04,09,13,15,18,24,25,02),
(20029,01,03,14,21,23,28,29,26),
(20028,04,06,17,20,24,27,29,13),
(20027,05,06,10,12,13,18,25,07),
(20026,08,14,18,22,23,25,27,07),
(20025,01,06,10,15,23,24,28,20),
(20024,06,09,14,15,21,23,28,18),
(20023,01,02,03,07,16,21,22,17),
(20022,01,05,08,09,20,22,23,19),
(20021,03,06,18,20,23,24,28,14),
(20020,02,07,11,13,21,25,30,10),
(20019,03,07,11,20,21,22,23,27),
(20018,06,13,15,23,24,26,28,08),
(20017,02,07,08,14,19,29,30,03),
(20016,09,12,17,18,19,25,28,07),
(20015,03,04,06,12,13,24,29,08),
(20014,01,08,21,22,24,26,29,07),
(20013,04,07,12,16,17,20,29,09),
(20012,02,07,09,13,15,22,30,27),
(20011,02,04,07,16,18,21,29,23),
(20010,04,06,08,14,25,26,30,23),
(20009,04,05,10,16,21,23,29,14),
(20008,01,03,05,10,12,16,20,28),
(20007,09,11,19,20,23,25,29,17),
(20006,02,05,08,15,16,21,29,17),
(20005,07,17,19,21,22,23,29,26),
(20004,03,08,09,18,20,28,30,16),
(20003,02,03,06,14,16,17,21,11),
(20002,05,14,16,17,19,22,24,02),
(20001,03,04,05,08,18,19,22,30),
(19150,03,09,13,15,20,26,28,02),
(19149,04,05,07,13,16,19,26,17),
(19148,01,02,06,12,18,23,26,17),
(19147,02,04,09,19,20,24,25,15),
(19146,07,08,11,13,22,23,28,09),
(19145,07,08,10,14,22,23,24,21),
(19144,03,04,16,18,19,20,26,14),
(19143,07,09,13,16,25,28,29,18),
(19142,05,06,08,10,11,26,27,01),
(19141,11,14,15,20,21,23,27,07),
(19140,07,11,16,20,24,26,29,03),
(19139,03,05,10,14,18,28,30,23),
(19138,05,07,17,20,23,27,30,18),
(19137,05,10,11,15,23,28,29,24),
(19136,01,04,05,10,16,22,25,09),
(19135,03,08,14,21,22,24,29,05),
(19134,01,04,05,18,22,24,27,13),
(19133,01,02,10,12,14,26,30,11),
(19132,05,08,11,22,24,26,30,07),
(19131,08,11,14,17,22,24,27,15),
(19130,01,06,17,21,23,25,27,11),
(19129,06,07,11,14,17,18,21,26),
(19128,02,07,08,10,16,21,23,30),
(19127,02,04,14,16,19,26,28,11),
(19126,07,09,10,12,13,17,22,26),
(19125,02,06,07,09,17,24,27,12),
(19124,07,13,17,20,25,26,29,11),
(19123,01,08,10,15,21,22,28,09),
(19122,01,02,04,06,08,14,17,27),
(19121,02,11,16,20,23,27,29,01),
(19120,04,14,21,23,26,28,30,29),
(19119,08,11,17,21,22,24,28,09),
(19118,11,12,17,22,27,28,29,20),
(19117,03,06,19,20,22,26,27,25),
(19116,02,08,14,15,16,20,23,04),
(19115,03,06,19,25,27,28,29,05),
(19114,01,08,11,13,16,20,28,09),
(19113,02,07,10,15,22,25,26,21),
(19112,13,18,19,21,24,26,29,25),
(19111,07,08,11,16,17,26,29,22),
(19110,03,05,11,15,19,24,27,28),
(19109,03,13,18,21,22,28,30,04),
(19108,02,05,06,09,10,20,23,25),
(19107,03,06,12,16,18,21,22,24),
(19106,02,05,07,10,12,14,16,30),
(19105,11,12,16,19,20,23,25,14),
(19104,09,18,24,25,26,27,30,21),
(19103,04,06,07,12,24,25,30,08),
(19102,07,08,09,13,15,22,30,01),
(19101,04,06,09,12,13,16,24,27),
(19100,02,04,05,12,13,20,25,22),
(19099,01,05,09,19,20,26,29,27),
(19098,08,11,12,16,24,28,29,06),
(19097,04,09,15,16,17,22,25,03),
(19096,01,13,19,21,27,28,29,20),
(19095,07,08,10,11,17,24,26,19),
(19094,02,05,07,09,14,15,20,13),
(19093,05,07,13,14,18,20,21,26),
(19092,03,11,12,13,21,23,28,24),
(19091,04,10,21,22,24,26,28,08),
(19090,01,04,06,10,15,16,21,30),
(19089,05,11,13,16,26,28,30,10),
(19088,01,06,10,12,15,16,21,20),
(19087,05,07,08,10,16,18,25,28),
(19086,02,08,14,21,23,26,28,07),
(19085,03,04,05,15,20,24,28,18),
(19084,10,11,16,17,22,26,27,28),
(19083,01,09,15,24,27,28,29,14),
(19082,08,11,13,18,24,26,28,12),
(19081,01,07,08,17,24,25,27,18),
(19080,05,14,18,19,24,25,26,20),
(19079,04,14,15,16,17,19,22,13),
(19078,02,05,11,13,24,26,27,10),
(19077,03,06,09,16,18,22,30,10),
(19076,02,10,14,22,26,27,29,21),
(19075,01,07,16,18,20,23,25,28),
(19074,04,07,10,13,16,18,29,27),
(19073,02,04,05,13,17,25,28,09),
(19072,07,10,15,16,21,24,28,25),
(19071,02,10,12,21,22,23,30,20),
(19070,05,06,07,09,13,19,21,29),
(19069,01,03,08,09,15,21,24,23),
(19068,01,02,07,08,10,12,22,23),
(19067,03,05,08,09,27,29,30,28),
(19066,05,09,14,22,25,27,28,16),
(19065,05,17,19,25,26,28,30,08),
(19064,04,05,12,13,22,28,29,19),
(19063,07,12,17,18,19,24,29,05),
(19062,01,02,07,11,18,20,27,23),
(19061,01,03,13,14,18,21,29,24),
(19060,02,03,04,06,07,10,19,25),
(19059,03,07,16,19,21,24,30,14),
(19058,08,10,20,23,24,25,27,12),
(19057,01,07,10,12,13,17,27,29),
(19056,02,08,09,10,21,29,30,28),
(19055,02,04,16,17,18,22,28,07),
(19054,06,10,11,15,16,22,29,21),
(19053,01,05,10,12,16,21,23,26),
(19052,01,06,09,10,14,18,27,15),
(19051,01,04,12,17,19,21,25,29),
(19050,05,10,18,20,26,27,30,16),
(19049,03,07,10,23,25,26,28,04),
(19048,05,07,10,19,25,27,30,12),
(19047,01,05,10,13,14,17,22,30),
(19046,03,04,05,09,19,21,29,14),
(19045,02,03,04,05,08,20,21,23),
(19044,03,10,12,18,20,26,29,06),
(19043,02,13,15,20,21,22,25,28),
(19042,05,08,09,16,17,22,24,14),
(19041,02,03,07,11,13,24,26,20),
(19040,02,07,10,15,19,24,30,03),
(19039,06,07,09,12,23,29,30,14),
(19038,02,08,12,18,21,22,28,20),
(19037,02,10,13,14,16,18,25,27),
(19036,06,13,14,15,16,20,26,08),
(19035,01,05,13,14,23,25,26,21),
(19034,01,06,10,12,23,26,29,13),
(19033,02,03,05,14,16,21,25,22),
(19032,03,05,07,18,24,26,29,22),
(19031,07,09,10,12,17,26,28,16),
(19030,07,09,15,18,19,25,26,21),
(19029,05,11,12,13,24,29,30,10),
(19028,01,05,09,10,18,23,26,30),
(19027,02,09,13,20,24,26,30,07),
(19026,07,12,15,17,19,25,28,18),
(19025,02,09,10,21,23,28,30,18),
(19024,06,07,11,16,20,23,24,13),
(19023,02,07,08,17,18,19,26,15),
(19022,03,11,13,18,19,21,24,22),
(19021,03,09,15,19,20,26,27,17),
(19020,02,05,14,15,19,25,28,20),
(19019,04,11,19,20,23,27,29,21),
(19018,01,02,03,08,09,12,19,04),
(19017,01,04,09,12,15,21,22,16),
(19016,02,05,13,16,18,24,25,03),
(19015,01,04,08,14,21,27,29,25),
(19014,06,09,12,19,20,24,25,17),
(19013,04,05,08,10,14,24,29,22),
(19012,03,04,15,21,24,25,29,09),
(19011,03,05,08,12,16,17,27,24),
(19010,03,07,18,19,25,26,30,22),
(19009,01,03,10,11,16,18,26,22),
(19008,01,04,06,18,21,26,29,15),
(19007,01,06,10,12,13,22,27,26),
(19006,10,14,19,22,24,29,30,07),
(19005,03,07,12,13,17,20,30,22),
(19004,05,09,14,21,24,26,29,28),
(19003,02,05,10,12,16,23,25,24),
(19002,01,08,13,15,18,20,26,09),
(19001,03,05,12,13,14,16,23,17),
(18154,05,07,11,14,18,19,25,13),
(18153,08,10,19,20,22,27,30,05),
(18152,01,03,04,14,16,26,28,19),
(18151,02,03,07,16,21,22,28,30),
(18150,05,07,11,21,22,23,27,08),
(18149,09,13,14,16,17,23,30,24),
(18148,01,05,11,13,19,20,21,16),
(18147,04,08,09,11,23,26,30,12),
(18146,02,06,08,10,22,24,27,25),
(18145,12,13,15,16,25,29,30,11),
(18144,02,03,09,10,15,20,22,06),
(18143,05,07,08,12,14,26,28,09),
(18142,05,13,14,18,24,25,30,22),
(18141,08,11,13,15,16,28,29,18),
(18140,02,11,14,23,25,26,30,16),
(18139,06,13,15,18,22,26,29,16),
(18138,03,04,05,14,16,17,22,28),
(18137,10,12,13,14,17,22,30,08),
(18136,04,07,11,13,22,24,30,20),
(18135,07,14,15,21,26,29,30,12),
(18134,04,11,13,15,17,18,19,27),
(18133,03,05,10,12,23,27,30,26),
(18132,01,07,09,23,25,29,30,22),
(18131,09,12,13,16,25,26,30,02),
(18130,03,14,15,17,20,24,28,26),
(18129,03,06,08,16,19,20,28,24),
(18128,01,02,09,10,11,16,21,20),
(18127,07,11,18,21,27,28,29,03),
(18126,02,13,14,18,25,27,29,24),
(18125,03,04,05,06,18,19,26,28),
(18124,02,06,10,19,20,26,28,05),
(18123,11,15,19,21,22,25,30,06),
(18122,03,11,19,23,26,27,29,12),
(18121,01,09,12,16,17,21,22,15),
(18120,02,04,06,14,17,22,26,23),
(18119,04,11,13,14,18,20,26,29),
(18118,05,06,13,19,26,27,29,23),
(18117,01,03,10,13,14,16,28,30),
(18116,05,14,20,21,24,26,30,12),
(18115,04,07,13,17,18,20,23,15),
(18114,02,10,13,15,18,21,30,22),
(18113,09,10,19,21,24,28,29,14),
(18112,05,07,13,18,27,28,29,17),
(18111,02,03,09,17,18,21,23,11),
(18110,08,10,12,13,17,20,25,07),
(18109,07,09,16,17,21,22,27,20),
(18108,05,07,15,17,20,24,27,26),
(18107,02,04,05,08,17,19,27,21),
(18106,02,06,12,16,18,21,28,09),
(18105,05,09,11,12,13,28,30,03),
(18104,02,04,11,13,20,21,27,26),
(18103,02,08,12,16,21,25,26,19),
(18102,07,10,13,14,15,17,21,30),
(18101,03,12,14,17,18,19,26,10),
(18100,01,04,07,10,16,19,29,27),
(18099,03,09,11,13,17,18,24,25),
(18098,04,05,10,11,14,16,29,12),
(18097,02,03,11,12,15,25,29,26),
(18096,10,17,19,20,23,25,29,21),
(18095,05,06,07,08,11,20,23,14),
(18094,01,04,05,10,23,24,30,19),
(18093,04,05,09,21,24,28,29,13),
(18092,05,07,09,15,20,22,23,06),
(18091,10,13,14,21,26,27,29,01),
(18090,02,03,12,14,15,22,23,17),
(18089,08,09,13,18,23,24,28,21),
(18088,01,04,09,17,18,23,26,12),
(18087,01,09,12,18,19,23,24,06),
(18086,04,05,06,11,17,24,26,08),
(18085,03,08,20,22,24,27,28,09),
(18084,04,06,08,10,14,17,25,03),
(18083,01,08,09,10,20,26,28,16),
(18082,04,10,12,14,27,28,30,02),
(18081,16,17,19,25,26,27,29,07),
(18080,03,06,07,15,22,26,30,08),
(18079,03,09,10,15,24,26,27,01),
(18078,04,14,15,16,24,29,30,06),
(18077,04,06,08,21,23,28,30,14),
(18076,08,13,16,22,25,28,30,06),
(18075,02,04,07,14,18,20,29,01),
(18074,04,05,06,11,15,19,21,08),
(18073,05,07,09,13,17,18,25,23),
(18072,01,11,13,20,21,27,29,05),
(18071,04,07,14,16,20,25,28,13),
(18070,02,04,05,06,12,16,23,01),
(18069,04,11,14,20,23,26,30,05),
(18068,02,06,09,15,20,26,28,17),
(18067,01,06,07,08,13,18,25,27),
(18066,02,12,20,21,26,29,30,18),
(18065,02,03,06,07,16,19,27,15),
(18064,03,04,17,19,26,27,29,14),
(18063,02,10,16,19,23,28,30,11),
(18062,01,03,10,15,22,24,30,23),
(18061,02,12,14,17,21,22,26,30),
(18060,02,08,18,21,22,23,30,29),
(18059,07,08,13,16,19,25,30,18),
(18058,02,05,09,10,18,21,28,25),
(18057,04,08,10,23,27,28,29,17),
(18056,01,05,14,21,22,23,29,15),
(18055,01,12,18,20,23,27,29,19),
(18054,04,07,08,21,25,26,27,16),
(18053,02,03,08,09,18,25,26,10),
(18052,06,14,16,19,22,23,30,07),
(18051,02,10,11,12,14,17,23,22),
(18050,03,07,08,09,13,17,29,24),
(18049,01,08,17,18,20,27,30,29),
(18048,03,06,07,08,12,26,27,19),
(18047,04,06,11,19,20,25,30,09),
(18046,04,07,08,16,24,27,28,23),
(18045,03,06,08,11,15,21,28,22),
(18044,02,05,07,14,15,16,23,20),
(18043,07,18,19,21,22,24,28,02),
(18042,03,06,08,15,20,24,27,12),
(18041,05,13,15,17,18,22,29,09),
(18040,01,02,03,08,12,20,23,19),
(18039,01,02,08,11,14,19,22,10),
(18038,02,07,10,13,20,21,27,16),
(18037,08,10,19,21,23,24,29,15),
(18036,04,06,07,09,14,15,28,30),
(18035,04,05,09,10,17,27,30,06),
(18034,02,08,11,17,18,20,30,09),
(18033,01,02,13,14,17,24,26,03),
(18032,13,15,16,18,21,26,29,28),
(18031,01,04,05,07,11,22,27,13),
(18030,06,10,15,21,22,26,30,11),
(18029,03,04,09,15,17,22,23,12),
(18028,07,14,21,23,25,27,30,19),
(18027,06,08,09,24,27,28,29,05),
(18026,06,08,10,11,12,14,28,07),
(18025,08,09,15,18,19,21,30,01),
(18024,01,12,13,16,18,24,28,05),
(18023,01,02,07,14,16,24,29,17),
(18022,07,09,14,19,26,29,30,28),
(18021,09,12,14,20,21,24,28,17),
(18020,06,07,16,17,18,20,24,15),
(18019,05,11,13,18,26,27,28,06),
(18018,02,07,12,16,20,21,26,10),
(18017,03,06,07,09,15,19,24,22),
(18016,01,04,05,14,16,24,25,28),
(18015,02,08,13,15,18,20,21,27),
(18014,04,06,13,21,24,26,27,09),
(18013,03,04,05,09,13,18,19,15),
(18012,04,05,06,10,11,23,24,27),
(18011,01,05,06,10,11,13,29,24),
(18010,02,03,08,13,14,28,30,10),
(18009,06,10,17,18,21,26,30,19),
(18008,03,09,18,24,26,28,29,21),
(18007,04,05,09,12,21,25,30,20),
(18006,07,09,16,18,21,23,27,29),
(18005,01,09,11,16,24,29,30,15),
(18004,03,15,19,20,22,24,27,26),
(18003,03,06,07,14,16,17,26,05),
(18002,03,07,10,11,16,20,22,06),
(18001,07,09,16,18,21,22,24,12),
(17153,06,10,11,14,19,25,26,05),
(17152,03,07,10,19,26,27,28,21),
(17151,02,06,07,15,19,26,30,18),
(17150,02,13,17,22,24,29,30,19),
(17149,08,11,15,21,23,25,30,03),
(17148,02,03,07,24,27,28,30,15),
(17147,04,06,07,08,14,27,29,01),
(17146,02,06,13,21,27,28,29,12),
(17145,02,06,10,12,17,24,28,22),
(17144,01,03,04,11,17,22,30,27),
(17143,03,07,09,16,19,27,28,14),
(17142,03,11,12,14,18,24,28,13),
(17141,02,04,10,12,17,23,28,24),
(17140,01,13,20,23,25,26,28,18),
(17139,01,03,05,06,12,13,30,27),
(17138,02,03,04,06,08,09,18,12),
(17137,01,13,15,16,24,25,29,19),
(17136,07,09,11,18,19,21,27,25),
(17135,06,08,19,20,21,25,27,23),
(17134,01,02,04,07,10,16,27,06),
(17133,01,07,11,12,26,27,29,09),
(17132,02,08,16,17,20,23,25,11),
(17131,05,06,07,09,12,17,19,14),
(17130,03,09,19,22,23,27,30,12),
(17129,01,05,08,15,22,23,30,24),
(17128,06,12,13,18,23,26,29,08),
(17127,03,06,07,08,11,18,27,12),
(17126,02,06,12,13,15,24,29,10),
(17125,02,03,04,05,12,18,30,23),
(17124,07,13,16,18,21,29,30,09),
(17123,05,11,14,21,22,25,30,29),
(17122,01,04,08,09,11,12,21,02),
(17121,02,07,09,11,19,21,23,03),
(17120,02,03,18,19,22,23,30,08),
(17119,07,09,12,19,26,27,29,25),
(17118,02,03,07,11,17,26,28,25),
(17117,01,03,11,15,22,26,29,16),
(17116,02,04,05,11,18,21,29,22),
(17115,01,05,06,14,19,26,30,23),
(17114,02,04,14,19,20,27,29,10),
(17113,01,02,08,09,10,23,25,18),
(17112,01,02,07,09,13,15,30,11),
(17111,02,03,13,19,20,22,23,09),
(17110,03,06,08,12,19,21,25,09),
(17109,01,03,06,10,15,21,23,16),
(17108,04,05,07,09,11,14,20,17),
(17107,05,08,12,13,19,21,29,04),
(17106,01,03,11,17,23,25,28,04),
(17105,06,09,11,17,19,21,28,10),
(17104,01,03,17,26,27,28,29,11),
(17103,04,09,14,17,22,25,29,11),
(17102,12,17,18,23,24,25,29,03),
(17101,03,13,14,19,21,22,29,01),
(17100,05,08,12,21,23,27,30,22),
(17099,05,13,19,21,23,26,30,24),
(17098,02,05,07,15,17,26,27,04),
(17097,01,02,06,08,13,18,19,30),
(17096,07,08,10,13,18,20,26,16),
(17095,01,04,08,09,13,23,27,24),
(17094,02,04,15,18,19,24,27,09),
(17093,04,07,09,12,24,26,30,03),
(17092,04,05,09,11,20,21,29,24),
(17091,13,18,25,26,28,29,30,04),
(17090,02,07,19,22,23,25,28,16),
(17089,01,05,10,20,21,27,28,22),
(17088,04,05,08,16,18,19,27,11),
(17087,02,05,12,15,17,23,29,19),
(17086,01,03,04,06,19,20,25,13),
(17085,02,08,11,12,21,24,25,20),
(17084,07,09,12,19,20,25,27,15),
(17083,01,05,08,12,20,24,27,21),
(17082,01,10,11,19,20,22,23,26),
(17081,04,13,14,21,23,25,28,11),
(17080,02,04,09,14,16,21,27,18),
(17079,01,08,09,12,19,23,29,25),
(17078,01,09,11,12,19,24,29,13),
(17077,05,10,17,20,25,26,27,15),
(17076,07,11,19,20,26,27,29,08),
(17075,02,11,19,20,25,26,27,03),
(17074,03,05,07,13,16,18,21,15),
(17073,01,04,05,14,17,25,27,03),
(17072,06,10,15,17,18,21,25,08),
(17071,06,08,10,19,23,26,29,18),
(17070,07,08,18,19,24,27,28,10),
(17069,04,08,12,16,25,28,30,07),
(17068,15,21,24,25,26,27,29,01),
(17067,01,11,12,21,27,28,30,26),
(17066,12,14,20,21,27,29,30,09),
(17065,01,10,13,14,18,21,23,06),
(17064,02,06,12,16,26,28,30,17),
(17063,02,13,15,16,20,22,23,12),
(17062,07,12,19,22,23,28,29,14),
(17061,11,12,15,17,23,28,30,08),
(17060,03,06,07,09,17,22,29,13),
(17059,08,09,14,17,19,25,26,01),
(17058,05,09,12,21,23,24,28,06),
(17057,01,19,22,24,25,26,30,20),
(17056,02,04,15,17,25,27,28,16),
(17055,01,04,08,11,12,18,29,09),
(17054,01,03,06,10,15,18,25,26),
(17053,04,11,20,21,22,23,24,06),
(17052,05,06,10,14,20,26,29,18),
(17051,12,13,14,17,22,23,28,21),
(17050,01,02,03,11,23,27,30,17),
(17049,08,13,22,23,25,26,29,04),
(17048,02,04,08,11,18,22,25,07),
(17047,03,04,07,10,12,18,21,11),
(17046,02,05,09,11,12,17,29,19),
(17045,02,08,11,12,19,23,29,05),
(17044,01,03,05,06,11,12,13,04),
(17043,03,05,14,20,22,27,28,08),
(17042,01,07,08,11,17,19,28,12),
(17041,03,05,07,13,17,24,29,09),
(17040,02,10,16,22,24,25,28,20),
(17039,07,09,11,12,13,23,26,27),
(17038,01,09,13,14,16,21,23,19),
(17037,05,07,08,09,19,22,24,01),
(17036,05,06,07,10,19,26,29,21),
(17035,03,06,09,18,23,29,30,08),
(17034,07,12,14,24,27,28,30,03),
(17033,05,06,15,16,19,22,30,29),
(17032,07,14,19,25,27,29,30,15),
(17031,03,05,16,18,21,22,27,10),
(17030,02,11,14,20,23,26,27,15),
(17029,02,07,18,20,24,27,28,12),
(17028,01,08,12,17,23,27,28,06),
(17027,07,08,09,10,21,23,24,28),
(17026,01,04,05,10,12,18,22,27),
(17025,04,05,06,08,16,18,22,07),
(17024,03,05,13,14,19,21,25,07),
(17023,05,13,14,15,16,19,29,21),
(17022,02,03,06,08,16,26,28,30),
(17021,03,07,10,20,22,26,27,25),
(17020,03,12,15,18,20,28,29,09),
(17019,03,08,14,16,20,22,27,25),
(17018,01,03,06,09,11,12,14,02),
(17017,02,11,14,17,18,24,27,07),
(17016,03,06,08,09,12,18,20,28),
(17015,08,09,21,22,23,26,28,01),
(17014,04,05,15,16,22,26,27,19),
(17013,02,06,19,26,27,29,30,10),
(17012,07,08,10,12,14,19,25,03),
(17011,21,22,23,26,27,29,30,06),
(17010,02,04,05,13,27,29,30,01),
(17009,02,11,12,13,15,16,22,30),
(17008,02,04,08,22,24,26,27,23),
(17007,08,12,18,19,26,27,30,14),
(17006,06,10,13,15,16,25,30,08),
(17005,12,16,17,18,21,25,28,27),
(17004,02,17,20,21,23,24,25,07),
(17003,04,05,08,16,23,27,30,28),
(17002,03,07,16,19,20,22,23,27),
(17001,01,07,10,11,12,17,25,23),
(16154,03,06,10,12,14,21,27,09),
(16153,04,09,11,13,20,23,30,28),
(16152,03,07,12,18,19,28,30,05),
(16151,06,07,14,20,22,28,29,17),
(16150,14,15,17,20,21,22,26,30),
(16149,02,04,05,06,08,11,29,19),
(16148,08,13,19,22,27,28,29,30),
(16147,01,03,05,15,21,23,24,16),
(16146,12,15,18,22,24,25,30,17),
(16145,05,06,08,10,15,18,30,14),
(16144,03,12,15,17,20,24,28,25),
(16143,01,02,09,11,19,21,25,22),
(16142,02,10,12,18,23,28,30,05),
(16141,01,03,05,07,17,19,24,09),
(16140,12,14,18,21,26,28,30,22),
(16139,02,03,08,15,19,22,23,30),
(16138,01,04,05,11,20,25,26,13),
(16137,03,05,13,17,19,27,28,11),
(16136,02,04,11,22,23,26,29,25),
(16135,05,09,13,17,20,27,28,23),
(16134,14,15,16,17,20,22,28,26),
(16133,07,09,11,16,17,22,28,23),
(16132,02,04,08,10,20,27,30,14),
(16131,02,11,14,19,24,25,27,29),
(16130,02,07,11,12,13,14,17,16),
(16129,01,04,10,13,15,25,30,12),
(16128,01,04,07,08,12,13,25,20),
(16127,04,09,12,23,25,29,30,20),
(16126,01,06,11,18,28,29,30,20),
(16125,01,05,11,20,25,28,29,21),
(16124,03,04,11,13,16,19,27,18),
(16123,03,06,23,24,26,27,30,17),
(16122,01,09,14,16,17,19,21,13),
(16121,04,05,09,19,22,23,30,28),
(16120,03,04,08,13,17,19,21,29),
(16119,04,05,06,18,22,23,29,02),
(16118,05,07,10,11,18,24,27,23),
(16117,02,06,08,13,15,24,25,09),
(16116,01,10,16,20,23,25,28,30),
(16115,03,05,11,12,22,23,29,27),
(16114,01,04,17,18,25,27,30,13),
(16113,03,12,13,19,21,23,26,06),
(16112,06,07,16,22,23,26,27,01),
(16111,10,12,16,23,25,26,28,09),
(16110,01,05,09,20,23,26,30,07),
(16109,02,03,13,18,21,22,27,06),
(16108,04,05,09,14,15,17,21,12),
(16107,06,10,16,17,18,24,30,22),
(16106,04,06,17,25,26,27,29,15),
(16105,12,13,24,25,26,28,29,07),
(16104,02,07,09,18,22,26,27,19),
(16103,02,04,10,15,20,25,30,01),
(16102,01,03,10,19,21,23,28,09),
(16101,01,03,09,10,16,18,23,07),
(16100,06,09,13,14,15,19,23,18),
(16099,02,05,08,11,13,27,29,15),
(16098,05,07,08,09,12,15,16,10),
(16097,04,11,21,22,24,25,30,07),
(16096,02,07,14,18,20,21,24,23),
(16095,12,13,14,17,18,28,30,08),
(16094,09,11,13,14,18,20,28,01),
(16093,01,06,07,17,19,24,26,05),
(16092,01,03,07,11,13,18,24,08),
(16091,01,10,12,13,14,29,30,02),
(16090,03,04,06,08,13,17,18,16),
(16089,02,06,10,17,18,24,25,09),
(16088,02,08,10,13,21,24,29,16),
(16087,01,11,18,19,22,24,28,26),
(16086,02,06,07,08,10,25,29,27),
(16085,05,07,09,15,19,29,30,27),
(16084,11,14,20,21,23,27,30,17),
(16083,04,11,13,15,18,21,25,22),
(16082,04,05,06,08,16,17,30,10),
(16081,04,11,14,18,21,22,29,20),
(16080,06,07,12,14,15,16,23,01),
(16079,02,05,08,15,17,18,26,29),
(16078,06,11,16,21,24,25,30,23),
(16077,02,05,10,13,14,17,30,21),
(16076,06,08,10,13,20,29,30,07),
(16075,01,05,13,20,21,22,23,19),
(16074,01,03,04,10,19,21,27,15),
(16073,06,09,18,20,23,27,29,16),
(16072,04,05,06,08,10,11,28,30),
(16071,07,10,13,17,24,26,30,08),
(16070,06,11,12,19,24,27,28,17),
(16069,01,06,07,13,15,22,26,19),
(16068,03,05,10,12,16,19,30,20),
(16067,05,10,12,20,24,26,28,06),
(16066,02,05,09,12,15,18,27,30),
(16065,02,15,18,22,23,24,30,06),
(16064,03,08,09,10,12,19,23,15),
(16063,02,07,08,09,14,17,28,03),
(16062,04,05,07,13,18,20,26,28),
(16061,05,11,16,19,24,26,28,23),
(16060,04,06,08,17,22,24,26,14),
(16059,01,02,07,10,14,24,25,08),
(16058,05,12,13,14,18,20,29,08),
(16057,12,13,17,20,22,29,30,28),
(16056,07,09,12,19,23,25,26,17),
(16055,03,09,12,14,16,19,24,01),
(16054,04,06,10,15,21,22,29,11),
(16053,01,21,24,26,27,28,30,08),
(16052,03,04,05,08,14,16,29,12),
(16051,04,07,14,19,25,26,30,08),
(16050,03,10,13,15,24,25,27,12),
(16049,04,06,07,11,21,25,27,10),
(16048,04,09,11,12,13,14,18,19),
(16047,01,03,09,10,14,19,20,06),
(16046,08,10,11,13,14,21,23,12),
(16045,07,09,20,21,22,25,28,23),
(16044,03,09,15,16,17,18,21,05),
(16043,02,06,11,23,26,28,29,21),
(16042,02,06,07,08,09,10,28,12),
(16041,03,14,16,19,23,26,27,11),
(16040,01,12,13,18,24,26,30,14),
(16039,03,06,10,13,16,17,30,11),
(16038,02,10,11,18,22,25,29,04),
(16037,04,10,19,24,27,28,29,09),
(16036,16,18,21,24,27,28,30,10),
(16035,04,11,14,16,17,19,21,29),
(16034,02,07,13,14,20,23,29,10),
(16033,02,06,10,11,13,17,24,29),
(16032,02,12,15,16,20,23,24,18),
(16031,04,14,19,23,24,28,29,18),
(16030,07,16,19,21,23,29,30,10),
(16029,01,03,05,07,15,17,25,09),
(16028,01,02,09,15,16,24,26,21),
(16027,02,03,06,07,08,09,28,04),
(16026,02,06,12,17,22,25,28,05),
(16025,03,04,06,19,21,27,30,28),
(16024,02,07,09,17,18,22,28,29),
(16023,01,06,13,14,25,26,28,10),
(16022,02,09,11,13,15,18,28,06),
(16021,01,02,03,07,08,10,14,18),
(16020,11,12,18,19,20,23,27,26),
(16019,04,08,10,11,19,24,25,09),
(16018,01,05,08,10,16,23,26,18),
(16017,03,08,14,15,19,22,27,29),
(16016,05,07,09,11,12,23,25,28),
(16015,05,08,09,18,21,23,27,29),
(16014,06,08,10,13,26,28,30,19),
(16013,03,05,06,10,17,24,30,08),
(16012,02,03,08,21,24,25,26,13),
(16011,05,07,10,13,21,25,27,09),
(16010,03,07,11,12,18,29,30,10),
(16009,05,06,17,19,20,22,24,09),
(16008,01,03,04,11,12,20,21,02),
(16007,01,08,18,22,26,28,29,12),
(16006,07,09,10,12,14,19,20,13),
(16005,02,03,04,20,21,23,26,22),
(16004,04,07,09,13,15,21,28,29),
(16003,01,08,12,13,21,26,28,27),
(16002,04,06,15,18,23,25,26,12),
(16001,16,18,20,21,22,23,24,29),
(15153,12,18,19,22,23,25,30,14),
(15152,04,10,15,20,23,26,29,27),
(15151,04,06,11,15,16,17,25,01),
(15150,02,06,17,21,24,29,30,28),
(15149,08,09,10,12,24,26,29,13),
(15148,09,10,11,13,18,23,28,20),
(15147,03,05,06,09,18,27,28,11),
(15146,04,11,18,22,23,25,28,10),
(15145,04,06,12,16,17,19,25,22),
(15144,01,04,06,08,15,18,23,13),
(15143,01,05,09,15,16,25,26,21),
(15142,01,07,08,09,18,19,25,15),
(15141,05,07,08,20,23,24,27,03),
(15140,05,06,07,15,21,26,28,29),
(15139,01,04,06,17,20,25,30,03),
(15138,01,07,15,22,25,26,27,23),
(15137,02,04,09,12,15,17,18,06),
(15136,05,06,11,14,22,23,25,04),
(15135,01,13,20,23,24,27,29,15),
(15134,11,15,19,20,25,27,29,08),
(15133,03,04,08,09,12,19,28,18),
(15132,01,02,06,07,18,19,30,08),
(15131,01,05,08,11,20,23,30,03),
(15130,04,05,09,12,13,18,24,29),
(15129,01,06,07,09,14,15,22,23),
(15128,03,13,14,20,25,28,29,08),
(15127,02,10,11,14,18,20,22,26),
(15126,06,08,11,18,21,27,29,26),
(15125,02,03,15,20,21,25,27,24),
(15124,04,05,06,13,20,23,27,12),
(15123,06,23,24,25,26,28,30,18),
(15122,01,08,09,13,14,24,29,07),
(15121,11,21,23,24,25,26,29,28),
(15120,02,04,06,14,17,23,30,24),
(15119,05,10,13,22,26,28,30,14),
(15118,02,03,07,15,24,27,29,01),
(15117,01,11,13,16,19,23,25,22),
(15116,04,05,08,15,17,20,24,03),
(15115,11,16,17,18,20,26,29,04),
(15114,03,04,08,16,20,28,29,21),
(15113,05,12,14,19,21,28,29,23),
(15112,04,05,10,22,23,28,29,02),
(15111,06,08,11,13,15,19,26,03),
(15110,02,04,05,06,08,11,12,07),
(15109,01,06,13,17,18,21,27,16),
(15108,06,07,08,12,22,24,29,25),
(15107,03,06,07,10,13,24,25,01),
(15106,01,02,14,17,20,23,29,28),
(15105,08,14,15,20,21,23,27,28),
(15104,04,05,12,16,20,23,24,01),
(15103,03,06,20,22,26,27,29,02),
(15102,02,05,08,10,18,26,27,04),
(15101,07,12,16,18,22,23,29,06),
(15100,03,06,07,12,19,22,29,18),
(15099,01,03,08,09,18,23,24,17),
(15098,03,05,11,20,22,23,24,28),
(15097,02,04,14,16,18,27,28,09),
(15096,01,07,11,12,17,19,25,13),
(15095,01,02,10,13,21,26,27,09),
(15094,01,04,06,16,19,23,26,22),
(15093,03,07,09,14,15,19,24,25),
(15092,03,05,06,15,16,17,30,08),
(15091,08,10,15,16,17,22,24,07),
(15090,06,13,17,18,23,24,27,12),
(15089,03,22,23,24,27,28,30,19),
(15088,01,08,14,15,18,19,22,26),
(15087,03,04,09,16,24,26,30,21),
(15086,04,05,06,08,16,19,25,28),
(15085,01,03,04,11,13,16,21,28),
(15084,02,08,15,17,22,27,30,28),
(15083,07,10,12,19,24,25,28,26),
(15082,03,05,07,14,17,23,30,13),
(15081,06,11,13,18,25,27,28,21),
(15080,01,11,14,16,26,27,30,09),
(15079,04,09,16,18,20,21,26,01),
(15078,01,09,14,16,17,19,28,13),
(15077,03,06,07,09,17,20,28,29),
(15076,03,10,14,19,20,23,28,25),
(15075,04,12,13,18,19,20,30,22),
(15074,01,08,09,16,18,21,28,26),
(15073,06,07,13,20,24,25,30,03),
(15072,04,10,12,13,23,26,27,30),
(15071,01,02,13,20,21,23,29,12),
(15070,01,02,05,10,15,25,28,27),
(15069,03,07,13,15,17,28,30,08),
(15068,01,04,05,10,15,19,30,28),
(15067,03,05,12,20,21,26,28,29),
(15066,01,06,07,09,15,16,28,12),
(15065,02,04,05,06,15,19,24,09),
(15064,02,08,15,18,25,27,30,21),
(15063,02,05,11,12,15,17,24,03),
(15062,03,08,09,11,15,19,30,12),
(15061,04,06,07,16,18,23,25,15),
(15060,03,04,14,16,24,27,29,25),
(15059,02,04,06,20,26,29,30,03),
(15058,07,08,12,21,26,29,30,09),
(15057,04,08,10,15,20,22,27,28),
(15056,05,08,19,24,26,28,30,25),
(15055,02,03,05,17,21,25,26,09),
(15054,01,07,09,10,12,23,25,18),
(15053,04,07,09,14,18,21,28,13),
(15052,02,04,05,13,19,21,27,09),
(15051,02,10,11,13,22,24,27,19),
(15050,04,07,09,17,26,29,30,27),
(15049,05,10,13,15,16,25,26,28),
(15048,01,02,10,12,20,22,29,14),
(15047,03,07,10,11,15,24,30,06),
(15046,01,04,13,17,19,21,23,14),
(15045,12,14,18,21,22,28,29,30),
(15044,02,06,10,18,19,26,29,16),
(15043,01,02,06,13,14,15,21,12),
(15042,02,07,14,16,17,20,22,18),
(15041,02,04,09,12,13,14,30,23),
(15040,01,02,08,13,16,17,26,27),
(15039,04,05,17,20,22,23,27,14),
(15038,03,10,14,22,23,24,27,17),
(15037,09,13,16,19,25,26,29,20),
(15036,05,06,11,13,22,28,30,07),
(15035,04,05,07,08,10,22,26,29),
(15034,08,14,16,17,27,28,30,29),
(15033,03,12,13,15,18,21,26,09),
(15032,02,03,04,06,10,19,27,08),
(15031,01,09,15,24,25,26,30,06),
(15030,03,05,14,15,23,24,27,11),
(15029,04,09,12,14,19,20,22,03),
(15028,06,19,21,22,23,27,29,05),
(15027,02,03,05,12,18,19,27,21),
(15026,09,12,13,15,20,22,23,29),
(15025,03,09,10,15,17,21,24,18),
(15024,08,10,19,23,24,26,29,12),
(15023,03,05,10,17,20,23,25,19),
(15022,07,12,14,17,18,23,26,05),
(15021,07,09,10,11,13,22,23,16),
(15020,03,06,07,11,25,29,30,17),
(15019,04,07,11,13,24,26,29,08),
(15018,02,04,08,12,15,19,28,14),
(15017,02,04,11,19,21,23,26,30),
(15016,03,08,09,14,27,29,30,24),
(15015,06,08,11,20,22,25,27,30),
(15014,01,11,16,23,26,27,30,19),
(15013,05,15,20,21,22,24,25,28),
(15012,02,05,06,11,16,18,23,12),
(15011,01,03,04,09,14,19,25,06),
(15010,05,09,15,21,26,27,30,17),
(15009,02,06,07,11,19,23,30,04),
(15008,03,04,06,11,17,23,25,28),
(15007,03,04,05,11,16,18,23,17),
(15006,07,10,13,18,21,27,28,05),
(15005,08,14,18,23,25,28,29,03),
(15004,08,10,12,13,18,22,24,20),
(15003,06,07,11,13,17,19,30,20),
(15002,02,03,10,18,25,27,30,24),
(15001,09,12,18,20,21,22,27,06),
(14154,03,08,09,19,22,26,28,15),
(14153,06,07,09,17,18,20,29,15),
(14152,01,04,08,11,25,27,29,20),
(14151,03,04,16,17,24,25,30,01),
(14150,05,07,09,10,13,14,20,27),
(14149,03,15,18,20,24,27,30,25),
(14148,03,07,12,14,16,22,24,21),
(14147,05,09,10,15,27,28,30,21),
(14146,06,08,10,15,23,28,29,24),
(14145,04,09,17,26,27,28,29,14),
(14144,03,09,10,16,25,27,30,21),
(14143,12,16,17,19,20,25,29,01),
(14142,07,12,19,20,21,24,26,18),
(14141,04,05,12,19,22,24,29,15),
(14140,10,12,19,21,24,26,28,23),
(14139,02,05,10,21,23,24,25,04),
(14138,06,08,15,17,18,21,22,20),
(14137,02,04,05,06,07,11,12,19),
(14136,02,14,16,19,25,27,29,07),
(14135,05,11,16,19,20,22,23,06),
(14134,05,12,18,20,21,23,30,01),
(14133,03,04,09,10,12,16,22,11),
(14132,03,04,06,09,12,22,30,25),
(14131,06,08,10,22,23,24,26,21),
(14130,03,06,10,15,17,19,25,29),
(14129,02,04,06,08,09,10,11,21),
(14128,02,03,08,10,24,27,28,01),
(14127,05,07,10,18,19,21,27,28),
(14126,02,10,11,18,19,21,25,26),
(14125,01,09,20,21,22,23,29,15),
(14124,01,14,21,23,24,26,28,05),
(14123,06,10,11,19,23,24,28,14),
(14122,01,04,06,12,17,27,29,16),
(14121,02,08,10,21,22,27,29,12),
(14120,02,05,16,17,19,21,25,29),
(14119,01,06,07,10,15,16,20,09),
(14118,07,15,18,21,25,29,30,12),
(14117,05,09,11,12,14,19,28,22),
(14116,01,06,08,10,19,21,27,14),
(14115,06,18,19,20,25,26,27,11),
(14114,02,11,16,17,21,23,29,03),
(14113,08,09,11,13,17,23,29,24),
(14112,02,04,08,12,15,18,27,03),
(14111,03,05,08,16,21,29,30,22),
(14110,04,05,11,13,18,21,23,10),
(14109,01,03,08,09,15,23,28,25),
(14108,01,08,13,20,25,28,29,03),
(14107,03,05,07,09,15,18,25,29),
(14106,12,15,16,20,22,29,30,27),
(14105,01,05,11,12,20,21,22,25),
(14104,05,06,09,11,12,13,19,20),
(14103,06,17,19,21,22,26,28,10),
(14102,01,09,14,15,16,17,18,21),
(14101,03,05,09,14,15,25,29,11),
(14100,02,09,11,19,20,24,25,26),
(14099,04,10,11,17,23,25,30,19),
(14098,01,04,11,15,16,22,28,25),
(14097,02,06,08,14,19,20,26,04),
(14096,08,09,16,19,20,21,23,30),
(14095,02,04,05,06,08,16,27,22),
(14094,05,06,08,14,17,21,25,23),
(14093,05,08,09,13,15,18,24,02),
(14092,01,02,03,09,21,24,28,07),
(14091,05,06,07,20,21,24,28,18),
(14090,06,10,14,16,22,25,30,29),
(14089,06,09,12,23,24,25,26,27),
(14088,06,11,14,18,19,20,30,16),
(14087,09,13,16,18,24,28,30,25),
(14086,02,03,04,10,21,29,30,19),
(14085,02,05,07,10,19,26,28,22),
(14084,10,13,17,18,24,25,27,06),
(14083,13,14,16,20,21,25,28,08),
(14082,03,07,09,10,12,18,27,05),
(14081,01,11,14,19,21,24,29,16),
(14080,01,04,17,24,26,27,28,07),
(14079,08,09,14,16,18,24,25,10),
(14078,02,13,17,20,23,26,27,28),
(14077,14,16,17,19,22,27,30,25),
(14076,07,14,16,22,24,26,28,09),
(14075,02,11,14,17,24,25,28,21),
(14074,02,03,06,08,19,20,27,23),
(14073,03,05,06,08,09,21,23,14),
(14072,01,03,04,08,09,17,21,19),
(14071,06,08,11,16,17,18,22,27),
(14070,04,11,14,22,23,25,27,12),
(14069,01,09,11,17,19,22,26,21),
(14068,02,09,10,13,15,21,30,05),
(14067,06,18,22,23,25,26,27,04),
(14066,03,10,16,20,21,27,28,12),
(14065,08,10,11,25,27,29,30,13),
(14064,06,07,08,10,14,22,26,21),
(14063,02,09,11,12,14,27,28,13),
(14062,01,04,14,15,20,28,30,27),
(14061,06,08,11,19,20,22,26,21),
(14060,01,04,11,18,23,25,30,02),
(14059,03,14,15,16,25,26,27,05),
(14058,05,09,10,15,23,29,30,20),
(14057,05,08,11,13,21,24,27,30),
(14056,01,07,17,19,22,24,30,02),
(14055,02,05,14,16,21,23,30,03),
(14054,03,07,18,19,23,25,26,04),
(14053,08,17,20,23,24,28,29,12),
(14052,05,13,17,20,21,24,26,22),
(14051,04,06,08,10,13,15,21,29),
(14050,04,07,12,17,22,24,25,21),
(14049,04,05,07,11,12,16,21,29),
(14048,01,03,08,16,23,27,28,18),
(14047,04,11,12,13,18,22,30,02),
(14046,03,08,10,11,14,20,22,28),
(14045,03,09,12,13,14,21,22,16),
(14044,01,02,08,09,14,17,30,27),
(14043,02,03,08,11,19,22,23,04),
(14042,03,06,11,19,20,23,27,13),
(14041,08,14,15,16,18,19,26,28),
(14040,01,09,16,19,25,28,30,11),
(14039,04,06,08,16,24,25,28,30),
(14038,02,04,05,10,13,21,30,14),
(14037,03,04,08,11,21,26,28,22),
(14036,03,12,14,19,23,24,29,17),
(14035,02,09,13,16,25,29,30,18),
(14034,04,15,17,18,22,28,29,08),
(14033,04,05,06,10,13,18,28,09),
(14032,01,12,13,15,25,28,30,04),
(14031,04,07,10,15,17,22,25,29),
(14030,03,07,10,19,23,26,30,22),
(14029,05,06,14,24,25,27,29,04),
(14028,08,12,14,18,20,22,29,19),
(14027,01,08,10,13,20,26,29,09),
(14026,06,13,15,18,19,20,27,11),
(14025,01,02,05,10,12,18,28,25),
(14024,09,10,15,18,19,23,30,26),
(14023,02,05,06,18,24,27,28,11),
(14022,03,07,08,11,12,15,18,22),
(14021,01,02,07,14,24,25,28,05),
(14020,01,03,09,13,17,20,26,19),
(14019,04,05,06,17,18,22,28,01),
(14018,01,06,08,12,25,27,28,23),
(14017,01,11,12,15,24,28,30,07),
(14016,04,06,07,12,18,19,30,11),
(14015,02,05,15,19,20,23,26,10),
(14014,02,08,21,26,27,28,30,15),
(14013,05,06,09,16,19,21,30,18),
(14012,06,08,15,19,24,26,29,27),
(14011,01,03,10,17,22,29,30,25),
(14010,01,07,16,19,21,23,27,10),
(14009,01,09,17,18,21,22,25,13),
(14008,02,06,10,14,22,27,30,23),
(14007,01,02,03,04,07,08,11,16),
(14006,06,07,09,10,25,26,28,22),
(14005,05,12,13,21,24,27,28,15),
(14004,07,13,16,19,23,24,27,04),
(14003,03,11,14,16,19,24,27,09),
(14002,01,07,11,16,18,21,28,12),
(14001,03,04,09,18,19,20,27,16),
(13153,05,19,20,22,26,28,30,02),
(13152,01,04,06,11,14,16,24,03),
(13151,12,16,23,25,27,28,29,30),
(13150,03,07,10,13,15,25,30,20),
(13149,01,05,07,11,18,22,25,26),
(13148,02,13,14,20,22,25,28,16),
(13147,03,06,10,12,13,15,29,24),
(13146,01,02,06,07,08,11,20,26),
(13145,02,07,09,15,19,21,28,01),
(13144,04,09,15,17,25,28,30,21),
(13143,01,11,16,17,18,24,27,07),
(13142,01,02,04,21,22,23,25,05),
(13141,06,09,11,12,14,16,24,03),
(13140,04,06,07,15,23,26,27,10),
(13139,02,05,07,12,15,21,24,27),
(13138,07,09,13,16,17,26,28,05),
(13137,05,07,12,21,27,28,30,16),
(13136,03,05,07,10,14,29,30,16),
(13135,01,03,05,07,19,21,24,22),
(13134,01,07,08,09,10,26,29,24),
(13133,05,07,10,22,23,24,27,30),
(13132,09,12,16,17,19,23,28,10),
(13131,11,12,15,16,24,25,30,10),
(13130,08,09,12,15,18,21,28,16),
(13129,04,06,09,11,14,17,27,30),
(13128,07,10,17,24,27,28,29,14),
(13127,02,07,10,11,22,24,27,25),
(13126,04,09,13,17,21,24,28,25),
(13125,01,04,23,25,27,28,29,03),
(13124,02,07,09,13,14,24,28,23),
(13123,02,06,07,09,11,14,29,18),
(13122,08,09,15,16,20,21,24,10),
(13121,01,03,06,11,13,16,28,21),
(13120,01,04,09,13,16,19,27,08),
(13119,05,10,18,21,26,28,29,11),
(13118,03,10,11,12,16,19,30,17),
(13117,02,03,05,16,17,19,25,12),
(13116,06,07,10,13,16,25,27,23),
(13115,02,06,07,12,13,16,17,22),
(13114,05,06,08,09,10,12,24,29),
(13113,06,10,13,16,25,26,29,21),
(13112,01,03,07,24,26,27,29,13),
(13111,01,02,08,18,19,21,29,26),
(13110,03,05,08,15,16,17,27,09),
(13109,03,04,05,12,14,24,28,01),
(13108,01,08,12,15,24,25,26,04),
(13107,06,12,13,18,23,25,30,22),
(13106,09,17,18,19,26,29,30,25),
(13105,02,07,08,09,12,21,24,04),
(13104,01,03,08,09,12,15,17,07),
(13103,07,09,12,13,16,20,21,05),
(13102,02,08,09,13,14,19,25,28),
(13101,06,10,17,18,19,24,29,21),
(13100,02,09,11,12,22,26,29,07),
(13099,01,02,12,20,22,26,30,10),
(13098,07,08,09,11,14,23,28,05),
(13097,10,11,14,16,18,21,23,22),
(13096,09,15,16,19,20,24,26,10),
(13095,01,07,08,14,26,27,30,10),
(13094,10,12,17,19,20,21,23,30),
(13093,05,07,11,14,22,25,30,15),
(13092,03,06,07,11,17,23,24,15),
(13091,03,04,10,12,15,22,27,29),
(13090,01,04,10,12,17,23,25,19),
(13089,02,04,08,11,13,23,26,30),
(13088,04,05,06,07,18,20,24,17),
(13087,02,03,13,17,20,28,30,29),
(13086,01,06,07,09,10,25,26,22),
(13085,02,04,12,13,17,21,26,28),
(13084,02,03,05,08,15,18,26,30),
(13083,02,07,08,20,21,26,28,25),
(13082,10,12,14,18,19,22,28,04),
(13081,04,05,16,22,23,27,28,12),
(13080,09,13,15,20,22,29,30,08),
(13079,01,02,15,17,18,21,22,16),
(13078,13,18,22,24,25,26,29,30),
(13077,01,04,05,15,24,25,27,08),
(13076,03,04,12,19,22,23,28,07),
(13075,01,05,09,14,21,23,27,25),
(13074,03,06,07,21,25,28,29,05),
(13073,07,08,11,12,17,18,28,23),
(13072,07,08,11,16,17,24,29,27),
(13071,02,05,07,12,19,28,30,09),
(13070,06,09,10,15,20,23,29,26),
(13069,04,14,15,20,22,26,28,27),
(13068,03,08,09,13,14,17,22,12),
(13067,04,09,11,16,18,24,28,26),
(13066,02,03,05,12,13,26,30,23),
(13065,02,08,21,22,24,27,29,06),
(13064,01,07,08,12,20,21,25,09),
(13063,04,11,13,16,20,21,23,14),
(13062,01,08,15,19,25,27,30,06),
(13061,05,11,20,21,22,23,24,10),
(13060,01,06,09,14,16,20,28,25),
(13059,03,07,13,18,23,27,30,06),
(13058,07,09,10,18,20,28,30,21),
(13057,01,03,06,08,11,21,25,28),
(13056,01,03,07,08,09,15,16,18),
(13055,03,08,14,15,16,22,25,24),
(13054,07,13,14,17,18,26,27,29),
(13053,01,04,07,08,10,24,30,05),
(13052,02,03,10,12,20,23,27,22),
(13051,01,03,06,07,24,25,30,21),
(13050,02,04,06,12,18,23,28,14),
(13049,01,03,10,12,13,15,20,06),
(13048,01,11,17,18,20,21,27,12),
(13047,04,13,17,18,19,23,24,07),
(13046,01,07,12,19,21,27,29,25),
(13045,03,08,13,18,21,25,27,30),
(13044,06,09,14,20,21,22,25,02),
(13043,03,04,12,14,15,19,26,24),
(13042,06,07,09,10,11,12,19,08),
(13041,01,04,06,10,14,27,30,25),
(13040,02,03,11,12,15,22,24,10),
(13039,02,07,08,09,21,25,30,23),
(13038,06,07,11,15,16,26,29,02),
(13037,01,07,17,21,23,24,30,13),
(13036,01,05,12,17,20,23,27,09),
(13035,05,09,12,14,19,26,30,21),
(13034,01,04,09,15,16,26,30,11),
(13033,05,11,18,19,22,26,28,04),
(13032,05,07,15,16,22,27,28,25),
(13031,05,06,07,14,16,22,23,21),
(13030,01,04,06,12,14,20,28,13),
(13029,01,02,08,12,15,21,25,20),
(13028,02,03,14,18,24,25,30,26),
(13027,01,05,07,13,18,23,28,10),
(13026,06,09,14,17,20,21,26,12),
(13025,04,07,10,19,26,27,29,16),
(13024,09,10,19,20,21,22,30,28),
(13023,01,10,13,20,24,25,28,02),
(13022,01,03,06,13,24,26,28,11),
(13021,04,06,08,12,22,25,28,17),
(13020,01,02,07,13,23,25,30,22),
(13019,05,18,19,20,24,25,27,14),
(13018,05,12,20,21,24,26,30,25),
(13017,04,08,09,11,14,24,29,10),
(13016,04,05,06,08,22,25,30,14),
(13015,01,05,06,12,18,19,28,09),
(13014,01,12,14,19,25,26,30,03),
(13013,04,10,19,20,21,23,26,02),
(13012,03,05,08,13,19,22,29,06),
(13011,02,03,07,08,10,16,20,29),
(13010,01,02,13,14,16,19,26,05),
(13009,08,15,18,19,20,26,29,01),
(13008,02,19,21,23,25,27,28,18),
(13007,01,02,04,05,06,15,26,19),
(13006,01,08,13,16,21,25,29,18),
(13005,03,10,11,20,24,25,28,27),
(13004,02,07,08,14,17,20,25,09),
(13003,04,06,13,16,18,19,25,24),
(13002,08,15,16,18,19,25,28,02),
(13001,03,07,08,12,13,15,22,21),
(12154,01,02,18,19,24,26,28,08),
(12153,11,15,23,25,26,28,29,08),
(12152,13,14,16,18,20,24,26,30),
(12151,05,08,11,15,20,21,24,02),
(12150,07,09,13,14,17,19,29,08),
(12149,01,02,04,09,11,17,20,03),
(12148,04,10,13,18,19,28,29,23),
(12147,02,10,12,13,27,29,30,03),
(12146,07,10,12,24,26,28,30,18),
(12145,01,05,06,08,09,10,15,25),
(12144,01,02,03,06,09,11,23,21),
(12143,04,12,13,22,24,25,29,30),
(12142,04,09,14,19,22,23,28,07),
(12141,01,04,08,13,14,24,27,25),
(12140,08,12,17,21,23,25,29,27),
(12139,04,06,07,16,19,20,26,24),
(12138,05,10,12,22,23,24,30,14),
(12137,09,11,23,24,25,29,30,05),
(12136,01,05,14,15,16,27,30,23),
(12135,08,09,11,13,15,23,24,10),
(12134,03,07,11,14,19,20,21,29),
(12133,03,08,16,18,23,24,29,12),
(12132,01,05,10,17,18,21,30,03),
(12131,02,10,15,22,25,27,30,29),
(12130,06,07,12,17,19,22,25,13),
(12129,01,04,09,17,18,28,29,11),
(12128,03,05,06,14,19,23,24,28),
(12127,06,10,18,21,26,28,30,19),
(12126,06,11,18,20,21,22,25,28),
(12125,04,07,12,16,18,25,29,27),
(12124,01,14,24,25,27,28,30,18),
(12123,01,05,13,20,23,24,30,15),
(12122,05,11,14,20,24,29,30,22),
(12121,01,07,12,14,20,26,28,21),
(12120,10,17,18,19,28,29,30,25),
(12119,05,08,09,13,16,21,26,24),
(12118,02,09,17,18,20,21,26,10),
(12117,15,17,21,23,26,28,29,19),
(12116,01,14,15,16,22,23,25,19),
(12115,02,08,09,10,13,19,22,29),
(12114,02,07,12,16,25,28,29,08),
(12113,02,20,21,22,25,26,28,12),
(12112,05,07,14,20,22,23,30,19),
(12111,01,04,07,09,10,11,24,02),
(12110,04,07,09,17,24,25,27,11),
(12109,04,07,11,12,14,16,18,29),
(12108,05,09,14,18,22,25,29,15),
(12107,03,07,10,16,17,27,28,04),
(12106,01,05,19,22,24,29,30,28),
(12105,05,11,17,18,20,24,27,08),
(12104,02,03,04,06,08,09,24,13),
(12103,08,10,16,18,22,29,30,01),
(12102,02,04,08,13,15,20,23,18),
(12101,04,06,09,14,20,26,30,02),
(12100,01,04,11,15,18,22,26,06),
(12099,03,09,17,21,23,24,28,15),
(12098,07,08,14,21,24,25,27,23),
(12097,07,08,09,15,20,24,25,29),
(12096,02,07,10,20,23,24,30,12),
(12095,04,06,12,13,20,21,23,01),
(12094,04,09,16,18,19,21,22,28),
(12093,15,16,18,23,25,27,28,08),
(12092,03,06,11,14,20,21,28,19),
(12091,06,09,10,12,17,22,25,20),
(12090,01,04,07,09,14,24,30,19),
(12089,01,02,04,17,25,29,30,11),
(12088,05,07,12,16,17,26,27,13),
(12087,01,08,09,22,27,28,30,19),
(12086,14,15,18,21,23,25,27,29),
(12085,01,02,04,09,14,24,30,21),
(12084,01,16,21,23,27,28,30,29),
(12083,05,06,09,12,18,19,21,04),
(12082,06,07,16,18,25,27,28,19),
(12081,06,09,12,13,25,27,29,26),
(12080,06,13,19,22,23,27,29,08),
(12079,06,14,16,20,21,23,25,09),
(12078,01,07,10,23,27,29,30,03),
(12077,01,04,19,21,22,28,29,30),
(12076,02,04,07,08,13,24,29,09),
(12075,02,03,06,10,16,17,20,22),
(12074,01,02,10,19,20,21,30,17),
(12073,05,08,16,18,22,25,28,04),
(12072,03,06,11,24,25,26,29,05),
(12071,04,08,10,14,16,22,28,02),
(12070,01,07,16,18,19,20,25,08),
(12069,05,13,17,19,25,26,29,08),
(12068,03,04,10,13,17,19,28,20),
(12067,04,07,13,23,26,27,28,30),
(12066,06,11,13,15,21,23,29,05),
(12065,01,10,11,14,16,23,29,21),
(12064,02,14,16,18,20,25,29,26),
(12063,04,12,15,18,20,21,25,02),
(12062,01,04,06,12,16,22,23,05),
(12061,02,03,08,16,19,21,22,27),
(12060,02,03,05,07,22,24,25,11),
(12059,06,07,09,19,21,26,30,05),
(12058,01,03,08,10,17,22,24,16),
(12057,01,05,06,16,18,23,25,12),
(12056,03,15,16,18,24,25,27,17),
(12055,01,03,05,10,12,15,20,14),
(12054,02,09,16,18,24,27,28,22),
(12053,02,11,12,14,25,28,29,20),
(12052,07,08,11,16,26,29,30,01),
(12051,02,07,11,17,23,24,29,28),
(12050,02,08,11,20,23,24,26,04),
(12049,01,11,14,18,23,25,29,09),
(12048,01,02,04,11,12,28,29,06),
(12047,01,02,12,15,21,23,26,25),
(12046,03,09,16,24,25,27,29,21),
(12045,06,07,08,12,13,19,30,26),
(12044,05,07,10,11,15,25,30,27),
(12043,06,10,15,20,23,28,30,09),
(12042,03,07,16,17,20,21,29,11),
(12041,01,03,13,15,16,17,24,08),
(12040,04,05,06,09,14,24,28,19),
(12039,02,03,06,18,19,27,28,22),
(12038,01,03,10,13,21,24,27,11),
(12037,01,07,10,19,20,26,30,18),
(12036,09,13,15,18,20,23,29,01),
(12035,06,07,09,11,14,20,27,22),
(12034,03,05,10,12,15,16,23,29),
(12033,01,03,05,06,10,14,30,26),
(12032,01,03,10,14,23,26,27,05),
(12031,13,14,17,20,21,26,27,23),
(12030,08,12,13,19,23,26,27,21),
(12029,03,04,05,14,16,27,30,08),
(12028,05,07,09,11,13,24,28,04),
(12027,03,05,06,15,18,26,30,22),
(12026,01,02,06,14,21,26,27,16),
(12025,06,07,12,13,17,21,27,29),
(12024,01,06,07,08,14,21,30,18),
(12023,06,12,16,17,19,26,30,27),
(12022,07,08,10,11,20,24,29,04),
(12021,02,04,07,08,18,20,24,17),
(12020,05,10,11,18,25,27,28,17),
(12019,02,05,07,10,14,19,21,11),
(12018,07,10,11,13,18,20,25,16),
(12017,03,04,13,21,24,25,30,23),
(12016,01,08,10,17,21,28,29,05),
(12015,02,07,08,18,24,25,30,28),
(12014,02,04,07,17,21,25,28,06),
(12013,03,11,18,21,23,27,30,10),
(12012,01,11,13,16,20,24,29,05),
(12011,01,05,07,15,22,25,28,21),
(12010,01,08,13,15,22,25,30,21),
(12009,02,04,10,18,24,26,27,28),
(12008,01,07,09,13,19,21,23,05),
(12007,01,09,16,17,20,27,29,15),
(12006,11,15,18,19,20,27,28,13),
(12005,01,06,09,15,18,22,27,11),
(12004,05,08,13,16,17,19,24,12),
(12003,05,14,20,21,22,26,28,10),
(12002,02,06,14,19,21,27,30,05),
(12001,02,11,16,18,20,29,30,14),
(11153,04,09,12,14,16,17,20,21),
(11152,06,07,09,10,18,19,23,27),
(11151,01,16,18,19,24,27,29,30),
(11150,01,05,13,15,16,19,24,08),
(11149,01,06,11,15,19,20,29,09),
(11148,01,02,10,23,25,28,29,20),
(11147,01,06,10,20,22,26,30,09),
(11146,09,13,16,21,22,26,30,18),
(11145,12,20,23,24,25,29,30,15),
(11144,09,13,19,25,27,28,29,20),
(11143,01,07,08,10,14,17,18,16),
(11142,03,15,16,19,21,23,24,27),
(11141,03,09,12,14,17,25,30,28),
(11140,07,08,09,11,13,22,30,28),
(11139,01,07,11,15,21,25,28,13),
(11138,02,13,18,24,28,29,30,06),
(11137,06,16,17,20,21,28,29,03),
(11136,06,10,15,16,19,25,26,11),
(11135,04,05,19,23,24,27,29,07),
(11134,06,08,20,21,25,29,30,12),
(11133,04,08,14,19,22,25,30,15),
(11132,02,08,11,13,16,22,26,29),
(11131,03,07,12,26,27,28,29,21),
(11130,01,03,13,18,21,23,25,06),
(11129,04,13,17,22,28,29,30,11),
(11128,03,06,07,09,11,12,19,04),
(11127,06,10,13,18,19,20,23,09),
(11126,02,07,08,17,19,21,29,27),
(11125,06,11,20,21,23,24,30,27),
(11124,02,06,10,12,14,20,27,19),
(11123,07,11,16,18,20,22,26,09),
(11122,02,06,14,16,20,24,27,11),
(11121,05,08,15,25,27,28,30,21),
(11120,03,05,07,15,20,26,30,06),
(11119,03,08,12,19,20,25,26,09),
(11118,06,16,18,23,24,27,30,07),
(11117,12,14,15,19,22,25,27,09),
(11116,02,03,08,15,16,23,25,13),
(11115,02,05,06,12,19,29,30,21),
(11114,04,09,10,11,18,27,30,21),
(11113,04,07,08,12,15,22,27,20),
(11112,02,09,10,11,14,22,25,04),
(11111,02,03,06,07,21,27,30,24),
(11110,02,06,14,16,22,23,30,13),
(11109,02,04,09,20,21,24,29,27),
(11108,01,07,11,13,17,23,24,25),
(11107,03,04,09,10,13,25,27,30),
(11106,06,10,16,23,25,27,30,03),
(11105,04,05,10,15,23,26,30,24),
(11104,01,03,18,20,25,29,30,14),
(11103,01,02,11,16,23,27,29,04),
(11102,01,04,07,08,16,17,30,29),
(11101,07,11,17,18,26,27,30,13),
(11100,04,07,13,14,16,18,25,06),
(11099,11,15,16,23,26,27,29,28),
(11098,06,12,18,19,23,27,30,07),
(11097,10,11,15,16,21,27,29,20),
(11096,01,09,13,16,22,24,27,14),
(11095,07,10,13,16,18,19,27,29),
(11094,05,07,08,16,17,28,30,12),
(11093,07,08,10,13,14,22,23,02),
(11092,02,08,09,14,20,25,28,01),
(11091,06,13,15,20,25,27,30,23),
(11090,02,04,06,09,10,20,28,17),
(11089,12,13,18,24,25,27,28,06),
(11088,03,04,10,12,15,24,29,17),
(11087,09,16,18,19,22,24,30,27),
(11086,02,05,12,18,21,24,27,13),
(11085,01,07,12,22,24,27,29,15),
(11084,02,05,09,14,16,21,22,08),
(11083,03,06,11,16,17,22,23,25),
(11082,09,16,17,19,20,21,29,13),
(11081,04,05,06,07,15,16,25,12),
(11080,02,03,05,18,21,22,29,11),
(11079,05,14,16,19,20,26,28,27),
(11078,05,07,15,17,21,23,26,20),
(11077,06,13,14,15,23,24,27,25),
(11076,01,05,10,18,24,25,29,02),
(11075,06,09,12,19,21,25,27,20),
(11074,01,03,16,17,18,20,25,04),
(11073,04,05,14,21,23,24,27,08),
(11072,02,03,06,14,15,21,26,13),
(11071,04,13,14,23,24,25,27,19),
(11070,05,11,12,14,19,20,28,01),
(11069,05,07,09,16,17,21,25,02),
(11068,03,09,13,14,17,23,24,22),
(11067,04,13,15,16,22,24,28,05),
(11066,02,06,07,12,15,20,25,08),
(11065,03,11,21,23,24,25,26,20),
(11064,09,19,20,21,24,26,30,15),
(11063,01,05,16,17,18,26,28,15),
(11062,12,14,15,18,20,21,27,16),
(11061,05,08,10,15,18,25,30,12),
(11060,01,03,04,07,08,19,25,09),
(11059,05,11,17,20,21,22,30,25),
(11058,01,02,04,14,19,22,25,08),
(11057,02,03,05,16,17,19,23,20),
(11056,05,14,17,18,21,24,27,20),
(11055,03,06,07,10,14,18,21,16),
(11054,02,09,10,11,12,21,27,17),
(11053,02,10,11,13,26,27,30,18),
(11052,01,04,17,19,24,25,29,06),
(11051,06,09,13,17,21,22,26,05),
(11050,14,15,18,23,26,27,29,09),
(11049,05,09,11,12,15,23,29,17),
(11048,02,10,12,15,21,23,28,03),
(11047,05,09,11,16,18,19,29,26),
(11046,09,13,14,16,18,26,27,20),
(11045,05,06,09,12,17,20,21,01),
(11044,11,14,16,23,25,27,29,12),
(11043,01,09,12,13,20,27,29,24),
(11042,07,09,10,12,18,21,25,14),
(11041,02,05,08,13,18,19,21,10),
(11040,06,10,11,12,15,27,30,08),
(11039,01,02,06,12,13,21,30,19),
(11038,01,09,15,16,17,26,29,30),
(11037,02,10,14,16,18,20,25,01),
(11036,02,04,05,08,14,19,25,12),
(11035,01,11,21,25,28,29,30,05),
(11034,02,09,13,14,18,26,29,03),
(11033,04,08,18,20,28,29,30,27),
(11032,16,17,19,21,24,25,29,14),
(11031,03,04,10,12,13,21,24,26),
(11030,01,02,08,12,14,20,28,21),
(11029,10,15,17,20,25,26,28,04),
(11028,03,04,07,17,19,20,28,11),
(11027,02,05,13,21,25,26,29,09),
(11026,02,04,05,06,08,21,24,14),
(11025,04,07,09,11,16,21,28,14),
(11024,02,03,06,07,12,22,30,05),
(11023,03,11,15,20,22,25,28,16),
(11022,01,05,06,20,23,27,29,04),
(11021,03,11,15,22,23,27,30,21),
(11020,02,04,05,10,13,26,29,20),
(11019,01,03,05,06,14,16,21,29),
(11018,03,13,16,17,22,24,29,19),
(11017,04,08,11,12,14,26,28,27),
(11016,02,04,12,20,21,25,28,29),
(11015,01,02,06,07,09,17,18,19),
(11014,02,04,07,12,17,21,29,09),
(11013,07,11,12,13,20,21,27,03),
(11012,06,09,11,15,18,23,29,27),
(11011,10,13,15,18,25,26,27,22),
(11010,05,06,17,22,25,26,28,01),
(11009,04,06,09,13,15,18,27,12),
(11008,01,03,08,09,10,13,29,06),
(11007,01,06,15,16,22,25,26,17),
(11006,02,10,15,16,20,24,25,22),
(11005,01,07,08,09,19,21,29,12),
(11004,04,10,12,13,14,20,30,19),
(11003,08,13,20,21,22,25,30,07),
(11002,04,09,14,18,20,25,26,24),
(11001,13,16,17,19,21,26,27,01),
(10154,03,04,07,16,20,25,26,27),
(10153,04,05,11,20,23,26,27,19),
(10152,06,07,11,12,14,24,28,21),
(10151,02,07,08,10,15,23,24,13),
(10150,09,15,19,25,26,27,29,22),
(10149,01,02,13,18,27,28,30,29),
(10148,01,03,06,10,13,19,29,11),
(10147,01,19,20,26,27,28,30,05),
(10146,07,15,24,26,27,29,30,06),
(10145,01,17,18,23,26,28,30,09),
(10144,02,04,10,13,20,23,24,08),
(10143,03,07,08,14,21,29,30,06),
(10142,01,16,17,19,20,26,27,29),
(10141,03,11,16,21,24,26,27,25),
(10140,06,07,08,18,19,21,22,12),
(10139,01,05,07,08,10,14,30,27),
(10138,01,06,08,13,16,22,28,23),
(10137,03,07,09,15,16,20,24,18),
(10136,02,06,13,17,22,23,27,12),
(10135,01,09,10,14,18,23,24,21),
(10134,07,15,16,20,24,29,30,26),
(10133,01,02,03,10,18,27,30,14),
(10132,04,10,12,16,24,29,30,05),
(10131,05,09,11,21,23,27,30,18),
(10130,03,08,09,17,22,25,26,15),
(10129,01,06,07,08,13,20,25,14),
(10128,01,07,14,16,18,23,25,11),
(10127,11,12,25,26,28,29,30,16),
(10126,05,12,14,15,16,21,27,23),
(10125,04,06,12,16,25,27,30,08),
(10124,02,09,10,13,15,21,27,05),
(10123,01,05,11,12,15,16,29,27),
(10122,03,07,12,18,21,23,25,06),
(10121,04,06,18,20,21,24,25,14),
(10120,04,05,11,23,24,25,27,19),
(10119,01,09,10,13,19,22,28,29),
(10118,01,03,05,08,12,15,29,22),
(10117,08,10,16,18,19,25,27,13),
(10116,01,02,05,17,21,22,25,27),
(10115,03,11,15,19,21,24,26,30),
(10114,01,10,12,13,19,23,29,27),
(10113,02,03,13,15,19,26,27,17),
(10112,04,18,19,20,23,24,29,14),
(10111,02,03,10,18,24,27,29,22),
(10110,02,06,19,23,26,29,30,28),
(10109,04,08,10,14,23,24,30,20),
(10108,04,08,12,17,20,21,26,18),
(10107,04,06,15,21,25,28,29,01),
(10106,09,11,17,23,24,25,27,02),
(10105,03,10,11,12,13,20,30,09),
(10104,05,06,13,15,20,23,24,04),
(10103,05,11,12,20,22,24,29,02),
(10102,01,02,07,08,22,24,27,10),
(10101,01,07,11,13,20,24,28,18),
(10100,02,05,12,16,22,26,29,01),
(10099,02,03,07,09,13,23,26,10),
(10098,01,08,13,14,21,25,29,22),
(10097,03,12,13,15,19,26,30,22),
(10096,05,08,11,13,17,22,30,25),
(10095,01,03,05,14,20,23,24,10),
(10094,02,07,10,13,27,28,30,25),
(10093,08,10,11,16,21,27,29,26),
(10092,11,12,14,19,25,27,28,24),
(10091,02,04,07,12,26,27,29,22),
(10090,04,10,13,17,20,23,27,01),
(10089,03,16,17,21,24,26,30,27),
(10088,04,05,09,11,12,22,28,21),
(10087,01,04,05,10,20,22,27,13),
(10086,02,03,04,07,15,18,26,08),
(10085,02,08,17,19,20,22,29,28),
(10084,01,06,10,13,14,15,22,05),
(10083,01,08,11,12,14,29,30,07),
(10082,03,07,11,14,17,24,26,25),
(10081,02,06,15,17,18,26,30,13),
(10080,06,14,19,24,26,27,29,23),
(10079,03,05,06,15,18,20,21,16),
(10078,02,05,10,21,22,27,30,11),
(10077,01,03,05,06,17,21,30,23),
(10076,06,11,12,14,16,18,26,04),
(10075,01,06,12,16,24,27,30,11),
(10074,03,04,10,13,17,27,30,11),
(10073,06,08,09,13,22,26,27,19),
(10072,02,14,15,16,21,25,26,24),
(10071,09,12,14,21,26,28,29,30),
(10070,07,12,17,22,25,26,30,15),
(10069,06,10,12,13,16,24,27,01),
(10068,03,04,10,13,19,26,29,12),
(10067,01,02,10,11,13,22,26,17),
(10066,02,05,11,20,25,26,29,12),
(10065,08,12,14,25,26,27,30,02),
(10064,04,06,09,10,12,23,25,24),
(10063,02,05,06,11,21,26,27,04),
(10062,01,05,10,22,25,26,28,21),
(10061,03,09,12,15,20,23,28,27),
(10060,01,09,14,17,18,27,28,15),
(10059,06,09,11,14,17,25,29,08),
(10058,05,07,09,18,20,26,29,01),
(10057,06,09,13,18,21,25,26,27),
(10056,06,09,12,15,22,23,30,11),
(10055,01,02,07,13,15,24,29,05),
(10054,01,03,05,08,20,22,23,30),
(10053,02,08,09,18,25,26,27,14),
(10052,05,08,09,11,12,15,28,02),
(10051,10,12,13,19,20,21,29,05),
(10050,01,07,10,15,21,28,29,08),
(10049,03,10,14,17,23,29,30,21),
(10048,01,04,11,22,23,27,29,18),
(10047,09,10,13,14,16,20,29,30),
(10046,03,09,12,13,15,26,27,29),
(10045,07,11,14,16,22,26,27,04),
(10044,01,02,04,12,17,21,25,28),
(10043,02,04,07,14,15,23,30,10),
(10042,04,11,18,22,23,27,28,03),
(10041,06,08,10,11,14,27,29,18),
(10040,02,07,13,14,16,18,20,29),
(10039,01,04,06,10,12,19,22,28),
(10038,11,12,16,20,21,28,30,24),
(10037,01,03,10,15,26,27,29,06),
(10036,07,12,14,18,20,22,27,17),
(10035,01,02,07,11,22,27,29,23),
(10034,01,04,06,07,09,12,29,19),
(10033,02,08,13,16,17,24,25,03),
(10032,08,12,19,22,24,25,28,30),
(10031,04,06,09,10,15,19,20,25),
(10030,02,06,12,21,22,25,29,04),
(10029,06,12,13,18,23,27,30,15),
(10028,05,10,13,16,17,23,29,01),
(10027,01,04,09,15,26,28,29,25),
(10026,06,08,12,14,16,20,30,11),
(10025,04,05,14,15,17,22,23,01),
(10024,03,05,06,18,20,23,25,15),
(10023,02,11,13,16,19,20,23,17),
(10022,08,09,10,17,19,22,28,20),
(10021,01,03,05,09,12,16,22,04),
(10020,03,08,14,15,17,21,22,05),
(10019,01,03,08,12,14,17,22,13),
(10018,05,10,11,20,26,28,30,12),
(10017,01,03,04,06,10,27,30,18),
(10016,02,15,18,19,25,26,27,24),
(10015,06,07,10,15,18,26,30,12),
(10014,06,07,17,18,21,24,28,10),
(10013,02,06,09,13,18,19,23,24),
(10012,11,17,18,20,23,26,29,01),
(10011,02,06,09,14,21,23,27,26),
(10010,02,10,11,19,21,25,30,06),
(10009,02,06,07,08,12,20,25,10),
(10008,04,10,14,18,19,21,22,05),
(10007,10,11,12,19,20,24,28,22),
(10006,03,05,06,10,13,20,22,24),
(10005,04,06,08,13,17,22,27,16),
(10004,02,05,08,14,21,23,28,20),
(10003,04,05,07,13,16,22,24,26),
(10002,02,05,11,15,16,23,25,07),
(10001,02,10,11,15,16,20,27,04),
(09153,05,07,11,12,13,21,22,01),
(09152,08,11,17,20,21,26,28,10),
(09151,05,12,15,20,24,25,27,06),
(09150,01,10,11,12,14,16,21,20),
(09149,09,10,17,18,25,29,30,05),
(09148,02,05,07,08,09,10,12,16),
(09147,07,08,11,18,20,26,30,25),
(09146,03,04,06,12,15,17,29,21),
(09145,05,10,12,14,19,20,30,28),
(09144,02,03,06,15,19,23,25,04),
(09143,04,07,09,11,18,22,26,08),
(09142,06,07,08,10,19,22,26,18),
(09141,06,10,11,13,17,22,30,29),
(09140,07,10,14,17,18,19,20,01),
(09139,01,02,03,10,16,26,29,19),
(09138,05,09,13,15,22,24,30,17),
(09137,03,05,11,15,19,27,30,18),
(09136,02,04,05,17,21,22,25,24),
(09135,01,06,09,24,27,29,30,25),
(09134,02,07,09,19,25,26,30,13),
(09133,02,04,06,20,22,23,29,07),
(09132,02,08,11,13,18,22,23,26),
(09131,07,08,13,18,21,26,27,25),
(09130,02,17,18,19,23,25,30,14),
(09129,01,06,10,21,23,27,28,05),
(09128,01,09,10,12,18,23,25,08),
(09127,03,04,15,18,24,29,30,28),
(09126,06,07,14,15,18,29,30,23),
(09125,04,07,08,19,22,24,26,17),
(09124,03,10,11,15,20,26,28,29),
(09123,04,06,09,21,25,26,30,16),
(09122,03,04,05,10,15,20,27,08),
(09121,06,11,14,16,17,21,26,28),
(09120,01,04,06,10,16,19,28,07),
(09119,01,03,05,09,10,20,24,12),
(09118,06,12,16,18,20,23,29,21),
(09117,01,06,12,15,21,22,29,03),
(09116,04,06,08,16,21,25,27,20),
(09115,01,02,03,06,14,29,30,23),
(09114,01,10,12,26,28,29,30,14),
(09113,05,08,14,20,22,26,28,13),
(09112,07,10,11,14,17,25,27,02),
(09111,04,06,09,11,19,22,26,12),
(09110,08,11,12,16,24,26,29,18),
(09109,02,15,19,21,23,26,29,16),
(09108,06,07,11,13,15,20,26,17),
(09107,02,04,05,19,22,23,28,13),
(09106,02,09,11,21,23,27,28,15),
(09105,08,12,19,21,24,28,29,03),
(09104,02,07,15,21,25,27,29,14),
(09103,01,06,19,20,23,24,29,15),
(09102,04,09,12,14,15,17,21,08),
(09101,01,07,09,15,21,25,27,23),
(09100,10,14,16,19,23,25,26,01),
(09099,03,04,05,06,07,27,28,26),
(09098,04,05,10,12,17,19,24,29),
(09097,09,11,13,16,18,20,28,30),
(09096,01,02,07,08,12,19,30,10),
(09095,07,10,12,13,16,18,27,22),
(09094,07,14,18,22,23,25,30,04),
(09093,04,05,15,18,20,23,26,27),
(09092,01,04,05,12,17,19,24,23),
(09091,05,12,14,15,24,25,26,21),
(09090,01,06,12,13,24,27,28,23),
(09089,01,02,06,08,13,17,19,22),
(09088,01,03,07,12,16,20,23,08),
(09087,04,05,11,12,18,24,26,15),
(09086,04,08,10,12,24,25,30,16),
(09085,03,05,09,11,14,18,23,21),
(09084,01,08,13,14,18,26,28,04),
(09083,05,08,12,16,23,24,25,17),
(09082,01,07,08,10,21,22,26,06),
(09081,01,04,08,12,19,24,25,13),
(09080,10,11,13,14,19,23,25,26),
(09079,05,12,15,17,19,28,29,01),
(09078,10,12,13,18,23,26,29,25),
(09077,03,05,09,18,20,21,23,29),
(09076,03,08,11,18,21,25,30,19),
(09075,01,07,08,09,11,12,30,02),
(09074,09,11,13,16,18,20,29,08),
(09073,02,10,11,14,19,24,28,17),
(09072,04,06,10,15,23,25,30,14),
(09071,03,06,09,20,21,24,25,19),
(09070,13,17,21,22,24,29,30,14),
(09069,01,02,07,12,18,19,25,04),
(09068,01,09,10,13,20,24,30,06),
(09067,03,10,13,20,25,26,29,06),
(09066,01,02,03,07,19,20,27,14),
(09065,08,09,12,20,25,28,29,19),
(09064,01,08,13,14,18,20,29,06),
(09063,04,08,12,16,18,20,26,13),
(09062,02,05,09,10,17,24,25,29),
(09061,01,04,08,16,17,27,29,19),
(09060,02,08,12,18,20,23,27,07),
(09059,07,16,19,21,26,29,30,18),
(09058,06,10,11,18,20,22,24,12),
(09057,03,09,13,17,24,26,28,22),
(09056,05,06,07,13,18,24,29,01),
(09055,02,08,15,16,17,25,30,23),
(09054,07,10,14,18,19,21,30,05),
(09053,03,08,10,15,16,23,28,04),
(09052,03,06,16,17,26,29,30,19),
(09051,03,04,08,10,22,26,29,18),
(09050,04,05,07,10,19,27,28,20),
(09049,03,05,13,16,17,22,27,02),
(09048,02,04,13,21,25,29,30,16),
(09047,04,05,08,15,16,26,30,21),
(09046,11,14,18,19,20,25,28,15),
(09045,11,16,17,19,20,21,28,12),
(09044,03,08,14,16,17,20,25,12),
(09043,02,19,20,21,22,25,26,18),
(09042,08,10,16,18,19,24,29,01),
(09041,03,04,06,15,23,25,27,09),
(09040,04,06,07,13,16,18,21,05),
(09039,02,19,20,21,22,27,29,30),
(09038,08,10,12,21,22,29,30,28),
(09037,02,06,10,14,17,20,30,03),
(09036,05,12,13,23,24,25,27,06),
(09035,02,07,12,21,22,24,28,01),
(09034,06,12,15,20,24,26,29,27),
(09033,05,08,13,14,22,26,28,24),
(09032,02,03,04,16,20,27,29,06),
(09031,06,10,24,25,27,28,30,08),
(09030,06,19,20,21,25,29,30,07),
(09029,01,05,09,10,14,17,28,19),
(09028,01,02,05,08,09,11,20,18),
(09027,11,13,18,19,23,24,25,04),
(09026,01,11,12,18,21,22,26,07),
(09025,05,09,19,21,27,29,30,20),
(09024,04,06,09,15,22,25,29,02),
(09023,01,09,10,13,15,21,29,02),
(09022,02,12,14,18,24,25,29,30),
(09021,01,15,22,23,24,28,29,13),
(09020,07,17,18,19,21,24,28,14),
(09019,01,02,13,15,21,22,24,05),
(09018,02,13,15,16,17,21,27,04),
(09017,12,15,18,21,26,27,30,24),
(09016,05,11,15,17,20,23,29,01),
(09015,09,13,14,22,26,27,28,16),
(09014,06,07,10,12,21,22,28,23),
(09013,06,08,12,15,22,28,29,20),
(09012,01,02,07,10,17,24,29,06),
(09011,01,03,04,17,20,23,30,18),
(09010,11,12,21,23,24,26,28,09),
(09009,05,08,10,19,22,24,28,06),
(09008,01,02,04,15,20,22,23,13),
(09007,03,05,06,11,19,20,25,12),
(09006,04,08,11,16,20,25,26,09),
(09005,06,08,13,18,22,28,29,01),
(09004,10,12,16,18,21,24,26,06),
(09003,01,09,10,12,15,19,21,17),
(09002,10,14,15,20,23,25,29,11),
(09001,02,03,04,14,15,23,26,08),
(08154,05,06,07,11,20,26,27,03),
(08153,02,09,13,16,20,25,26,29),
(08152,06,08,12,14,17,19,29,28),
(08151,02,05,10,15,18,21,27,28),
(08150,01,03,10,14,15,17,29,04),
(08149,05,06,08,14,16,28,30,03),
(08148,02,05,06,09,19,20,27,26),
(08147,01,10,13,15,18,20,28,02),
(08146,01,04,06,18,22,24,26,08),
(08145,01,03,10,17,18,19,23,04),
(08144,05,07,12,14,18,22,29,19),
(08143,03,08,17,22,24,25,29,06),
(08142,05,07,12,17,18,25,26,28),
(08141,03,10,12,13,17,21,30,15),
(08140,02,15,16,20,22,25,26,03),
(08139,01,04,15,19,20,26,29,06),
(08138,02,03,06,07,11,15,26,13),
(08137,03,05,07,10,22,23,27,24),
(08136,01,09,10,22,24,25,28,23),
(08135,02,10,14,21,23,25,30,11),
(08134,01,08,09,10,14,18,19,27),
(08133,06,07,10,11,20,21,25,08),
(08132,08,12,17,19,20,29,30,26),
(08131,08,09,12,15,18,23,26,17),
(08130,08,10,15,18,23,29,30,19),
(08129,06,07,11,13,17,18,24,05),
(08128,02,07,08,09,10,16,30,28),
(08127,03,04,05,10,17,19,22,30),
(08126,01,14,16,17,19,21,26,10),
(08125,02,05,10,12,13,18,25,20),
(08124,02,03,07,10,11,23,26,04),
(08123,04,07,10,11,15,26,27,22),
(08122,06,07,10,11,16,22,27,15),
(08121,02,05,12,13,16,20,29,24),
(08120,05,10,13,16,17,25,28,19),
(08119,06,12,14,15,17,25,27,05),
(08118,01,05,14,23,24,26,27,22),
(08117,02,13,15,19,20,21,29,26),
(08116,11,14,19,20,21,22,27,07),
(08115,02,08,10,18,19,25,26,23),
(08114,01,09,13,17,23,28,29,08),
(08113,02,03,05,06,13,23,26,20),
(08112,03,09,20,24,25,26,28,18),
(08111,06,07,08,09,18,26,30,24),
(08110,04,05,11,12,14,15,23,16),
(08109,02,13,15,18,23,25,30,10),
(08108,06,10,13,18,24,29,30,16),
(08107,03,11,15,16,19,20,26,09),
(08106,01,02,12,17,19,24,28,14),
(08105,02,11,13,19,23,24,26,03),
(08104,04,17,22,23,24,28,29,03),
(08103,07,09,10,12,14,28,29,15),
(08102,01,10,11,18,23,26,30,27),
(08101,01,03,09,12,21,25,29,10),
(08100,12,14,15,18,19,24,26,29),
(08099,03,10,14,19,21,24,25,13),
(08098,02,06,11,13,22,26,28,04),
(08097,02,13,14,16,21,22,28,08),
(08096,09,10,18,25,26,27,28,16),
(08095,01,05,09,11,20,28,29,22),
(08094,01,03,09,13,18,26,29,28),
(08093,14,16,17,18,20,22,23,09),
(08092,03,06,10,12,17,22,29,16),
(08091,01,06,08,10,11,20,27,24),
(08090,08,10,11,12,16,19,28,15),
(08089,02,03,04,05,19,21,27,11),
(08088,02,04,10,12,14,17,21,22),
(08087,10,11,15,17,25,28,30,24),
(08086,04,07,10,14,16,23,25,21),
(08085,09,11,14,18,19,24,25,30),
(08084,12,15,18,22,23,29,30,27),
(08083,01,16,17,21,23,28,29,30),
(08082,05,10,13,16,17,25,29,28),
(08081,07,10,11,14,20,23,24,25),
(08080,01,02,04,09,15,18,29,19),
(08079,04,08,12,14,23,26,27,05),
(08078,15,19,20,23,24,26,29,16),
(08077,05,10,14,20,24,25,30,03),
(08076,02,15,18,19,21,22,27,17),
(08075,02,08,09,14,15,22,27,24),
(08074,02,05,19,22,24,25,29,06),
(08073,04,06,07,08,18,20,29,14),
(08072,07,08,10,16,17,19,21,04),
(08071,12,14,18,19,23,25,26,22),
(08070,15,18,25,26,28,29,30,17),
(08069,01,02,07,13,22,23,28,04),
(08068,09,10,13,16,17,18,22,30),
(08067,06,09,15,16,18,21,24,07),
(08066,05,06,12,23,24,25,27,14),
(08065,07,13,16,20,22,23,24,29),
(08064,01,16,17,23,25,26,30,15),
(08063,01,09,18,22,24,25,26,10),
(08062,02,14,17,19,25,27,28,26),
(08061,02,11,15,16,17,22,23,27),
(08060,08,09,11,12,18,22,23,06),
(08059,01,14,16,26,28,29,30,20),
(08058,11,12,15,18,20,21,27,03),
(08057,08,12,13,17,21,22,28,25),
(08056,04,15,19,23,27,28,30,01),
(08055,07,08,14,21,26,27,30,15),
(08054,01,02,15,17,21,26,28,09),
(08053,06,09,11,14,18,25,26,08),
(08052,08,16,21,25,26,28,30,05),
(08051,03,07,12,14,15,16,19,02),
(08050,06,11,14,20,21,22,24,23),
(08049,01,04,05,06,14,28,29,21),
(08048,02,04,08,13,14,16,22,24),
(08047,07,08,09,14,16,17,25,02),
(08046,03,05,06,15,18,20,23,21),
(08045,01,02,10,12,18,28,30,15),
(08044,02,05,07,15,17,18,26,09),
(08043,01,04,14,17,24,27,28,09),
(08042,06,09,15,20,21,23,29,03),
(08041,01,06,07,10,17,18,23,22),
(08040,05,06,13,20,24,25,30,08),
(08039,04,05,06,11,18,21,28,20),
(08038,02,05,06,22,23,24,29,18),
(08037,03,14,16,21,22,23,27,25),
(08036,03,06,07,10,17,22,26,13),
(08035,08,11,14,15,26,28,30,05),
(08034,03,06,09,12,15,22,27,05),
(08033,04,05,09,18,20,24,30,12),
(08032,02,04,08,10,12,28,29,16),
(08031,02,04,07,08,17,22,26,23),
(08030,04,08,11,12,22,25,26,05),
(08029,03,06,09,11,23,28,30,08),
(08028,07,12,13,15,17,22,25,21),
(08027,06,07,08,12,18,22,28,17),
(08026,05,07,21,23,24,25,27,10),
(08025,03,06,09,10,12,15,30,29),
(08024,02,04,10,14,18,20,28,25),
(08023,01,02,03,07,13,29,30,08),
(08022,02,04,16,20,22,24,25,27),
(08021,01,11,12,13,14,25,27,18),
(08020,05,10,13,20,26,27,28,19),
(08019,01,05,06,13,14,21,22,16),
(08018,02,04,08,16,21,24,29,30),
(08017,06,10,14,17,18,24,25,21),
(08016,03,09,12,15,20,21,28,24),
(08015,01,06,08,12,16,17,18,10),
(08014,06,09,14,20,23,24,25,15),
(08013,11,15,16,20,25,27,29,28),
(08012,01,06,07,08,19,22,28,23),
(08011,03,09,17,20,24,26,27,15),
(08010,01,02,11,14,21,23,27,17),
(08009,03,06,10,20,22,24,28,30),
(08008,01,05,06,14,20,23,28,12),
(08007,02,05,10,11,17,18,20,25),
(08006,03,12,14,18,20,28,29,19),
(08005,01,06,09,12,13,14,30,23),
(08004,01,06,12,15,23,25,28,08),
(08003,06,07,08,12,22,28,29,04),
(08002,06,16,17,18,19,24,25,10),
(08001,02,04,05,07,12,14,16,01),
(07153,02,08,13,20,27,29,30,19),
(07152,07,10,15,18,22,23,24,20),
(07151,05,08,11,19,24,26,28,12),
(07150,09,11,13,15,21,23,24,04),
(07149,02,13,15,16,19,23,26,27),
(07148,01,02,05,13,18,22,27,29),
(07147,02,07,09,10,16,20,28,13),
(07146,07,10,12,20,22,27,29,30),
(07145,01,03,11,12,15,18,21,24),
(07144,04,05,07,14,16,24,26,30),
(07143,05,10,15,16,18,21,27,17),
(07142,01,04,06,08,14,16,20,25),
(07141,01,07,12,14,21,22,24,02),
(07140,01,07,12,19,20,23,28,08),
(07139,06,11,14,16,19,28,30,03),
(07138,01,12,13,16,17,18,28,20),
(07137,03,08,13,14,17,19,26,23),
(07136,01,13,14,17,22,25,27,21),
(07135,05,09,10,16,17,24,27,02),
(07134,01,05,09,15,24,25,29,21),
(07133,09,15,20,21,22,24,29,23),
(07132,06,09,10,11,19,21,30,12),
(07131,02,04,06,10,13,20,26,22),
(07130,06,08,14,18,19,24,28,04),
(07129,02,10,18,23,28,29,30,12),
(07128,03,04,15,18,22,23,28,21),
(07127,05,08,17,19,23,24,28,09),
(07126,04,05,07,09,10,17,27,11),
(07125,05,11,13,21,23,27,29,06),
(07124,01,04,18,19,21,28,29,17),
(07123,01,20,21,25,27,28,29,05),
(07122,11,16,17,19,21,22,25,23),
(07121,02,07,11,18,22,24,27,01),
(07120,02,05,07,11,22,23,26,08),
(07119,05,08,15,21,22,25,26,10),
(07118,02,04,09,19,20,22,29,12),
(07117,02,07,09,11,17,20,21,16),
(07116,06,08,14,18,26,29,30,05),
(07115,01,05,18,19,20,23,27,07),
(07114,05,06,16,20,25,27,30,28),
(07113,05,08,10,13,24,25,29,11),
(07112,02,11,13,17,20,27,28,03),
(07111,11,12,16,18,23,29,30,28),
(07110,01,10,13,16,18,20,30,24),
(07109,02,03,07,12,23,27,28,21),
(07108,06,08,17,20,23,24,25,18),
(07107,08,09,10,14,15,17,22,29),
(07106,02,07,12,18,22,24,26,05),
(07105,02,09,15,21,26,27,30,13),
(07104,05,11,14,17,18,23,30,09),
(07103,06,07,09,16,18,21,23,08),
(07102,04,06,10,14,15,22,26,20),
(07101,03,04,06,07,10,12,21,09),
(07100,09,10,14,15,19,24,27,08),
(07099,05,06,16,17,18,21,26,23),
(07098,01,13,18,19,24,26,28,30),
(07097,03,04,05,07,20,23,25,16),
(07096,04,07,08,09,12,14,30,25),
(07095,02,14,15,22,24,26,27,18),
(07094,02,04,09,10,12,13,15,07),
(07093,09,10,15,18,19,22,23,30),
(07092,09,10,11,12,14,15,18,16),
(07091,08,09,13,15,19,25,28,11),
(07090,05,10,12,19,21,24,29,01),
(07089,01,13,20,23,25,26,29,15),
(07088,03,04,05,10,13,26,28,27),
(07087,01,03,10,21,25,27,29,19),
(07086,05,06,07,11,23,25,27,20),
(07085,02,07,20,22,23,25,30,15),
(07084,03,04,05,08,11,12,26,07),
(07083,04,05,07,11,14,21,25,18),
(07082,02,11,13,14,16,21,27,09),
(07081,06,07,08,11,13,15,23,09),
(07080,01,04,08,09,12,15,16,18),
(07079,04,08,10,21,23,25,26,07),
(07078,01,03,07,14,18,21,24,17),
(07077,01,02,09,13,17,18,28,30),
(07076,04,08,14,19,20,25,29,15),
(07075,01,06,19,21,24,25,27,04),
(07074,01,02,09,16,17,24,27,08),
(07073,04,06,07,11,18,24,26,03),
(07072,01,03,05,24,26,27,28,30),
(07071,07,09,13,20,21,28,29,06),
(07070,01,07,09,10,11,17,24,02),
(07069,09,10,11,16,24,25,27,30),
(07068,03,05,12,19,22,23,28,26),
(07067,03,06,08,10,11,13,17,16),
(07066,02,05,15,24,27,28,29,20),
(07065,04,09,17,18,20,21,24,02),
(07064,02,03,07,09,11,12,24,05),
(07063,04,16,17,20,23,25,29,11),
(07062,06,07,08,15,17,22,25,16),
(07061,12,14,17,19,22,25,28,13),
(07060,09,21,22,23,25,29,30,15),
(07059,06,07,08,14,16,18,23,02),
(07058,01,04,06,08,14,22,25,16),
(07057,07,08,09,10,13,21,28,23),
(07056,01,05,08,10,21,26,27,24),
(07055,01,02,09,10,15,20,28,30),
(07054,06,08,09,12,13,14,22,24),
(07053,02,05,07,12,13,25,28,10),
(07052,02,04,07,08,11,16,18,26),
(07051,01,07,10,15,18,26,29,14),
(07050,04,11,19,21,26,29,30,18),
(07049,05,06,08,11,16,18,21,29),
(07048,11,15,17,18,20,22,28,08),
(07047,01,05,06,10,18,21,23,25),
(07046,04,07,15,17,19,25,29,14),
(07045,09,15,18,19,21,25,28,01),
(07044,01,04,05,22,23,27,29,17),
(07043,03,05,06,09,11,23,27,13),
(07042,06,08,12,15,23,25,27,18),
(07041,04,09,10,11,20,21,26,17),
(07040,01,06,07,08,12,19,24,28),
(07039,11,13,15,18,19,22,29,27),
(07038,01,09,15,21,24,25,29,13),
(07037,06,09,11,12,13,16,27,29),
(07036,03,08,10,14,15,17,22,29),
(07035,03,07,14,15,17,26,27,10),
(07034,01,13,15,17,25,28,30,22),
(07033,04,11,15,17,18,20,27,28),
(07032,13,15,19,20,21,26,27,02),
(07031,05,06,14,16,24,25,30,20),
(07030,02,03,11,13,15,24,28,21),
(07029,01,06,19,20,22,23,29,13),
(07028,02,06,07,20,24,27,30,01),
(07027,08,09,17,18,19,24,25,29),
(07026,01,06,10,13,22,26,29,17),
(07025,09,11,14,16,17,21,30,04),
(07024,01,04,09,16,18,20,26,23),
(07023,05,07,16,17,19,20,24,01),
(07022,01,03,11,13,17,21,24,09),
(07021,01,02,03,12,15,22,24,23),
(07020,01,02,04,05,12,15,16,23),
(07019,04,07,10,11,17,22,30,24),
(07018,03,10,11,19,20,26,27,17),
(07017,03,04,05,07,13,22,25,27),
(07016,03,09,15,19,21,22,28,07),
(07015,01,02,05,11,14,16,21,23),
(07014,02,04,09,10,18,25,26,15),
(07013,04,08,12,16,20,24,28,19),
(07012,12,14,17,21,22,29,30,19),
(07011,11,16,17,20,21,27,28,30),
(07010,04,05,18,22,25,26,28,19),
(07009,01,04,12,19,22,23,25,21),
(07008,03,06,19,23,25,26,30,04),
(07007,02,03,11,15,19,24,28,12),
(07006,01,04,12,14,22,25,26,18),
(07005,01,03,08,18,25,27,29,13),
(07004,01,02,03,04,08,23,28,15),
(07003,06,08,10,21,25,28,29,11),
(07002,01,02,06,11,14,19,27,24),
(07001,04,14,19,22,26,29,30,11),
